{"Evib": 0.0, "p0": 1.0, "theta_ode": [], "R_steadystate": [1.3255929793601477e-23, 2.4671590985532274e-23, 4.5843555191595143e-23, 8.5044199933220522e-23, 1.5750246013045311e-22, 2.9120378818045486e-22, 5.3748257088186498e-22, 9.9032999034248806e-22, 1.8215201847191203e-21, 3.3443885283141143e-21, 6.1294025207956929e-21, 1.1213161329783691e-20, 2.047557773797012e-20, 3.7319163641235976e-20, 6.788980781984836e-20, 1.2326600086393988e-19, 2.2337625450116111e-19, 4.0399352259987248e-19, 7.291955827950921e-19, 1.3135125168080691e-18, 2.3612016881504116e-18, 4.2357327537001901e-18, 7.5824283255306917e-18, 1.3544402564928757e-17, 2.4141843339579759e-17, 4.2936542067243352e-17, 7.6193261336927274e-17, 1.3490420294442016e-16, 2.3830882886594592e-16, 4.1999738619591431e-16, 7.3846626635474439e-16, 1.2953225019886545e-15, 2.266593437865031e-15, 3.9564240763283634e-15, 6.8889064231270959e-15, 1.1964662233351641e-14, 2.0727049682974206e-14, 3.5813379824552347e-14, 6.1717381183524526e-14, 1.0607360007564539e-13, 1.8181416984680647e-13, 3.1077879611243947e-13, 5.2973731227671201e-13, 9.0040360090328581e-13, 1.5260295098267977e-12, 2.5788071611595158e-12, 4.3449599382514125e-12, 7.2986733032976734e-12, 1.2222865278167286e-11, 2.0405729809787031e-11, 3.395935893759857e-11, 5.6334217256667745e-11, 9.3146437974032405e-11, 1.535024374571548e-10, 2.5211019479534395e-10, 4.1262802548527661e-10, 6.7294785979982738e-10, 1.0934802847986791e-09, 1.7700548541879633e-09, 2.8538319294657521e-09, 4.5816914846834748e-09, 7.3219009759336094e-09, 1.164123037072966e-08, 1.840026566490895e-08, 2.8881316568386256e-08, 4.494301526631675e-08, 6.9167184446150311e-08, 1.0489907447526096e-07, 1.5596089371662512e-07, 2.2564818115711765e-07, 3.1453039366324214e-07, 4.1698303718034287e-07, 5.178992779562774e-07, 5.9339234287812051e-07, 6.1933595878471593e-07, 5.8509415491266602e-07, 5.0121998954428616e-07, 3.9297685544048211e-07, 2.8591769469558505e-07, 1.9593567104103659e-07, 1.2817794954647273e-07, 8.0914908602725343e-08, 4.9687717753497296e-08, 2.9849593943382116e-08, 1.7610557761444082e-08, 1.0229757904796069e-08, 5.8605874314182283e-09, 3.3149045322869384e-09, 1.8525153932121198e-09, 1.023338409782409e-09, 5.5897191647302425e-10, 3.0198788216824958e-10, 1.6140658238920406e-10, 8.5366909341446138e-11, 4.4689942893001734e-11, 2.3164175061497157e-11, 1.1892522958611753e-11, 6.0503982346091939e-12, 3.0521344199521723e-12, 1.527797540126792e-12, 7.59645211255897e-13, 3.7569386258747066e-13, 1.8516368401229001e-13, 9.1184302083078808e-14, 4.5032801657057229e-14, 2.2418364729574968e-14, 1.1327581031253666e-14, 5.860548578827899e-15, 3.1362724424191855e-15, 1.7535480678224175e-15, 1.0320525947001187e-15, 6.4101109137092581e-16, 4.1868542824607717e-16, 2.8506449580834584e-16, 1.9976319087016116e-16, 1.4174121552832124e-16, 9.9562446583034863e-17, 6.6859758355169259e-17, 3.4018725942007962e-17, NaN], "R_sabatier": [2.6700610205437478e-23, 4.969447970150562e-23, 9.2339874807817639e-23, 1.712993405975011e-22, 3.1724759106465311e-22, 5.8655401466525797e-22, 1.0826183331382587e-21, 1.9947612471281778e-21, 3.6689769175683708e-21, 6.7363976620832655e-21, 1.2346081342391931e-20, 2.258598638505978e-20, 4.1242706353428394e-20, 7.5169713261188053e-20, 1.3674629571770549e-19, 2.4828718106024874e-19, 4.4993315397864321e-19, 8.1373949179132559e-19, 1.4687741505599625e-18, 2.6457280828114835e-18, 4.7560244278288649e-18, 8.5317779293256644e-18, 1.5272822535350999e-17, 2.7281663329696184e-17, 4.8627441436597435e-17, 8.6484455941217607e-17, 1.5347143585203875e-16, 2.7172930263479942e-16, 4.8001093113508812e-16, 8.4597510832834269e-16, 1.4874475517964972e-15, 2.6090891238209966e-15, 4.5654610092371065e-15, 7.969184050276584e-15, 1.3875905122162465e-14, 2.4099692538018812e-14, 4.1749240775165677e-14, 7.2136730511888551e-14, 1.2431362039345755e-13, 2.1365775131589815e-13, 3.6621763391090743e-13, 6.2598392099488091e-13, 1.067020527787972e-12, 1.8136357100774007e-12, 3.0738078211998823e-12, 5.1943842749442133e-12, 8.7519160820426116e-12, 1.4701598647032281e-11, 2.4620598784068603e-11, 4.110410615492692e-11, 6.8407528785388327e-11, 1.1348379767218933e-10, 1.8765229161506837e-10, 3.0927323392461179e-10, 5.0801584225986834e-10, 8.316416666560552e-10, 1.3567395733806644e-09, 2.2056409219334319e-09, 3.5729552845339863e-09, 5.7670109609287771e-09, 9.2742747131567435e-09, 1.4859023159140391e-08, 2.3716817512267902e-08, 3.7709669103102361e-08, 5.9724577159391551e-08, 9.4217371644328935e-08, 1.4803332978379377e-07, 2.316388195707163e-07, 3.6095976585975164e-07, 5.6011061764867977e-07, 8.6542205341166369e-07, 1.3313508324093401e-06, 2.0390995723347015e-06, 3.1091123084020931e-06, 4.7190753567368359e-06, 7.1296832219249961e-06, 1.0721277903884366e-05, 1.6045601608662399e-05, 2.3898396807470783e-05, 3.542053930074673e-05, 5.2237912330812766e-05, 7.6653453792532806e-05, 0.00011190888324042856, 0.00016253870754300815, 0.000234845398837448, 0.00033753234269375156, 0.0004825405073212133, 0.00068614608442117881, 0.00097039001376375317, 0.0013649269747918144, 0.001393607616211358, 0.001287267309169389, 0.0011890413815052556, 0.0010983106592244512, 0.0010145032148830431, 0.00093709076240304349, 0.00086558532698425531, 0.00079953616912103597, 0.00073852694333433988, 0.00068217307370893902, 0.00063011932969225142, 0.00058203758687376832, 0.00053762475862990954, 0.00049660088559634087, 0.00045870737092454708, 0.00042370535019855475, 0.00039137418573639832, 0.00036151007578509532, 0.00033392476984204703, 0.00030844438200485852, 0.00028490829486941589, 0.00026316814706684919, 0.00024308689805729264, 0.00022453796428526893, 0.00020740442125140616, 0.00019157826647069675, 0.00017695973867128185, 0.00016345668894231254, 0.00015098399986685838, 0.00013946304897831841], "theta_steadystate": [["5.374899546879989997263729e-18", "0.2936199138254644978549674", "4.188181206885524161678481e-14", "5.171934061263942458480875e-15", "0.706380086174488443024003"], ["8.999388928667783178445407e-18", "0.2936199138254578245821637", "6.32556901074856702439448e-14", "6.522020805641608678971568e-15", "0.7063800861744723887075342"], ["1.506800274495870884867516e-17", "0.2936199138254478443348758", "9.553746921127513100898068e-14", "8.224535519083231382596388e-15", "0.7063800861744483785923911"], ["2.522890261117335660442999e-17", "0.2936199138254328951180552", "1.442938652314931731753874e-13", "1.037147634459376301670248e-14", "0.7063800861744124143114661"], ["4.224166521094729830919211e-17", "0.2936199138254104734122765", "2.179325003679748230145919e-13", "1.307885671073810497654881e-14", "0.7063800861743584729889795"], ["7.072674973388820358525333e-17", "0.2936199138253768064162788", "3.291517254890009889904579e-13", "1.64929743053580000248797e-14", "0.7063800861742774781571771"], ["1.184203583585931274535588e-16", "0.2936199138253262064114325", "4.971303418020923790319126e-13", "2.079831650834190111971175e-14", "0.7063800861741557465098987"], ["1.982754946255370155441434e-16", "0.293619913825250096152133", "7.508348205952158385206833e-13", "2.622752946632560891960398e-14", "0.7063800861739726432223108"], ["3.319798416052943965170755e-16", "0.2936199138251355375044724", "1.13401432272640193084948e-12", "3.307398950443851825372949e-14", "0.7063800861736970422034552"], ["5.558458728072296099306527e-16", "0.2936199138249630099441955", "1.712744866133344807823739e-12", "4.170765619171143221444855e-14", "0.7063800861732819816876066"], ["9.306728783701176088188136e-16", "0.2936199138247030562146433", "2.586823568354804258306948e-12", "5.259506370624110177631915e-14", "0.7063800861726565944804173"], ["1.558259313039208226377596e-15", "0.2936199138243112171250775", "3.906977803487461611971218e-12", "6.632453076593770801374505e-14", "0.706380086171713922281356"], ["2.609050019121377780499912e-15", "0.2936199138237203824345361", "5.900856845161688942336638e-12", "8.363795138433928449834248e-14", "0.7063800861702925137188987"], ["4.368426974592228155235714e-15", "0.2936199138228292390970899", "8.912288031588768256752261e-12", "1.054708843165246586772499e-13", "0.7063800861681486335600302"], ["7.314215571963896446005123e-15", "0.2936199138214848249135435", "1.346056684196075965697378e-11", "1.330031074933219589802657e-13", "0.7063800861649142909214305"], ["1.224645619355752421330589e-14", "0.2936199138194561786175236", "2.033000495000357148522626e-11", "1.677223692346279152985226e-13", "0.7063800861600338476070446"], ["2.050468547075464873341612e-14", "0.2936199138163945410174616", "3.070517804978395783300376e-11", "2.115047811419776174167044e-13", "0.7063800861526682714661417"], ["3.433173818684732767079131e-14", "0.2936199138117732406915749", "4.637519578392773109681077e-11", "2.667161968306038678964813e-13", "0.7063800861415505155894799"], ["5.748287402021989757933833e-14", "0.2936199138047968909717961", "7.004221837648645615510645e-11", "3.363400546650436306290648e-13", "0.7063800861247670677230322"], ["9.624566059197713746812671e-14", "0.2936199137942642267244702", "1.057874210276351769135934e-10", "4.241385926875742710211935e-13", "0.7063800860994279679946151"], ["1.61147600747015115522096e-13", "0.2936199137783609042160243", "1.597747576527746473134349e-10", "5.348561472491257196767008e-13", "0.7063800860611683343832049"], ["2.698152750620506262462272e-13", "0.2936199137543464915232116", "2.413138820236458282662071e-10", "6.744755209130388569129438e-13", "0.7063800860033953356571674"], ["4.517615082921023890557316e-13", "0.2936199137180815993274083", "3.644655180160551175686641e-10", "8.505412728855575508586319e-13", "0.7063800859161505798753589"], ["7.564006966874570636609327e-13", "0.2936199136633134816933792", "5.504661114277608607154711e-10", "1.072567401492793116363678e-12", "0.7063800857843914387806797"], ["1.266469163065861492317537e-12", "0.2936199135805966955762186", "8.313898740281736616208225e-10", "1.352551448482483081141722e-12", "0.7063800855853944097840594"], ["2.120495347740383340959488e-12", "0.2936199134556623230949563", "1.255679708399218036409462e-9", "1.705622805599814210514546e-12", "0.7063800852848318503524854"], ["3.550422471524129468987776e-12", "0.2936199132669539110820161", "1.896500774998138551000323e-9", "2.150860255714688587618275e-12", "0.7063800848308440311926065"], ["5.944601539572119313336098e-12", "0.2936199129819041545110887", "2.864357204066538507461167e-9", "2.712322925623778587065181e-12", "0.7063800841450817169571769"], ["9.953262841384113570479524e-12", "0.2936199125513084709361804", "4.326147599147868709248494e-9", "3.420350359662555201616902e-12", "0.7063800831091703167149042"], ["1.666511076574122815289569e-11", "0.2936199119008222102643528", "6.533945295854141270021955e-9", "4.313201965577957208096514e-12", "0.7063800815442541811501867"], ["2.790300301643012747890742e-11", "0.293619910918110179747", "9.868466294624420861351857e-9", "5.439124422520033705534036e-12", "0.706380079180081398189629"], ["4.671901726615661525526899e-11", "0.2936199094334239889461603", "1.490472055753944327939738e-8", "6.858958766405136583772901e-12", "0.7063800756082774774818346"], ["7.822335963579988269880975e-11", "0.2936199071902436135837154", "2.251116770392372604027847e-8", "8.649428029800236573015031e-12", "0.7063800702117158948269584"], ["1.309722370428990826280088e-10", "0.2936199038008965350201791", "3.399947570922297225691472e-8", "1.090728308749817172105163e-11", "0.7063800620577482356264514"], ["2.192916237684382981059274e-10", "0.2936198986794610699140684", "5.135070730452031811311388e-8", "1.375453073187353655107331e-11", "0.7063800497367854710653016"], ["3.671680310191652873500818e-10", "0.2936198909403161321360864", "7.755693813715798124320337e-8", "1.734502647907239435612131e-11", "0.7063800311182326732076947"], ["6.147629688743571201296201e-10", "0.2936198792447300937762751", "0.0000001171372160603263511451207", "2.187278834665686276951748e-11", "0.7063800029814180886763598"], ["1.029320355703252534200956e-9", "0.2936198615688448468912084", "0.0000001769168346651440395562736", "2.758248082761325127309537e-11", "0.7063799604574176514338863"], ["1.723429205372475857815562e-9", "0.2936198348527286077393535", "0.0000002672043005400421674957173", "3.478263553434642374303309e-11", "0.7063798961847590113116567"], ["2.885601531364000467512963e-9", "0.2936197944694483332957231", "0.0000004035689525064306176166293", "4.386232282593584126414287e-11", "0.706379799032135306083723"], ["4.831470071063764711445583e-9", "0.2936197334217183910251089", "0.0000006095257675492436228902429", "5.53121751336468423740164e-11", "0.7063796521657318135338567"], ["8.08951050629960428725233e-9", "0.2936196411261057156892014", "0.0000009205903218466258313674543", "6.975089770238194987652513e-11", "0.706379430124311033682981"], ["1.354456919625485863724859e-8", "0.2936195015726469784897264", "0.000001390403138369890781287658", "8.795869870392801434271678e-11", "0.7063790943916867566607057"], ["2.267817639052674442391278e-8", "0.2936192905383526235077362", "0.00000209997947789998378300274", "1.109194440365741492133002e-10", "0.7063785866930736419451622"], ["3.797090966224744030515106e-8", "0.2936189713671234815941329", "0.000003171679528612607014504649", "1.398738125455142886618694e-10", "0.706377818842564431005898"], ["6.357608033384199807586588e-8", "0.2936184885767213295627758", "0.000004790307799270834148400621", "1.763863198512942002361048e-10", "0.7063766573630127459097835"], ["0.0000001064476958466490169502664", "0.2936177581709342174179971", "0.000007234979546554086014194047", "2.224298246166501207323619e-10", "0.7063749001793935572303217"], ["0.0000001782290056663789647793143", "0.2936166529539399912204373", "0.00001092724792803184370081436", "2.80492068568573861250968e-10", "0.7063722412886342419883233"], ["0.0000002984144473228015855076905", "0.2936149802604885355431485", "0.00001650378765540096252253917", "3.537099784442784776806598e-10", "0.706368217183698762248465"], ["0.0000004996435016172653170951462", "0.2936124481720042969363166", "0.00002492616093660746567589874", "4.460389318351909469468421e-10", "0.7063621255775185464974995"], ["0.0000008365635826597028142921558", "0.2936086142443660894424737", "0.00003764657543119366386950146", "5.624660278000562306891992e-10", "0.7063529020541540293907863"], ["0.000001400667401642361362022697", "0.293602807661017636752084", "0.00005685817471650618214047487", "7.092786844354279261092721e-10", "0.7063389327875855302689856"], ["0.000002345130279732952873172563", "0.2935940109860098924619772", "0.00008587292181508936292787196", "8.944026903558968581382643e-10", "0.7063177700674925948663249"], ["0.000003926382182964426516661975", "0.2935806804742988935331105", "0.0001296920073726057780889837", "1.127827235793455211622194e-9", "0.7062857000083183004688287"], ["0.000006573677377201652561631909", "0.2935604729080103147393455", "0.000195866610562613915917338", "1.422138470050865664937078e-9", "0.7062370853819113996413099"], ["0.00001100548539491116067527518", "0.2935298302109267518871791", "0.0002957962122899219772908425", "1.793187694621822924223738e-9", "0.7061633662982007203530319"], ["0.00001842413321843387957924357", "0.2934833477090362299940051", "0.0004466855073704448608132701", "2.260925080702645824723003e-9", "0.7060515403894498105629565"], ["0.00003084110023875098081804656", "0.2934128134849115098681722", "0.0006744908403773575778784931", "2.850433960417573709971659e-9", "0.7058818517240384211555575"], ["0.00005162013622368934945074807", "0.2933057484545096853239303", "0.001018349239622704042481372", "3.593202417401768809941971e-9", "0.7056242785764415038823688"], ["0.00008638270915944501154894074", "0.2931431906129656720881618", "0.00153721930268675321138183", "4.528664205833298655371702e-9", "0.7052332028465239238556088"], ["0.0001445140604417303018630323", "0.2928963404857011941774805", "0.002319799939742380601774551", "5.706022176906785884838652e-9", "0.7046393398080925180120961"], ["0.0002416594983216068335931342", "0.2925215043997974118820601", "0.003499256100078443099706729", "7.186319281679565874160885e-9", "0.7037375728154832565050742"], ["0.0004038397281159674121591695", "0.291952526846379604545393", "0.005274877024059686626878287", "9.044616339165403695127144e-9", "0.7023687473568284022501658"], ["0.0006741787964333414946735925", "0.2910895994562393579382436", "0.007943462279883468680340556", "1.137192011208703806168141e-8", "0.7002927480955237197997041"], ["0.001123760764851104936625382", "0.2897830333415346578154788", "0.01194373265613224647554932", "1.427608964484554305569164e-8", "0.6971494589613923459268034"], ["0.001868792069729144527195218", "0.2878104863358059466492989", "0.01791672643948741644218488", "1.788018986938541834622038e-8", "0.6924039772747876229959027"], ["0.003096849504674255193802044", "0.2848467687450734568608939", "0.0267823859116135086213932", "2.231546859269384756657716e-8", "0.6852739735231701866300633"], ["0.00510487826102203345560241", "0.2804278609131521191421513", "0.0398241069903499837726334", "2.770416553512669839709543e-8", "0.6746431261313103285029145"], ["0.008349108693887075022893678", "0.2739172999059461031877004", "0.05875330150359677442742397", "3.412499347897441557639786e-8", "0.6589802557715765683875664"], ["0.01349889058044697619159969", "0.2644965541799367674349915", "0.08568834459439180372988358", "4.15529952478494201227148e-8", "0.6363161690922292047941052"], ["0.02146815636487177856893347", "0.2512223841219055357695653", "0.1229277551298888974202855", "4.97702531265271628765559e-8", "0.6043816546130806617140528"], ["0.03336949378416157539365111", "0.233213635790427245044624", "0.1723599478620618855820086", "5.826324341889640230995371e-8", "0.561056864300105875083314"], ["0.05031531681541675197303047", "0.2100121584713723133998076", "0.2344328626853944636826309", "6.616287333849639173272246e-8", "0.5052395958649431324481393"], ["0.07303152561769739729380306", "0.1820512924493664223327048", "0.3069447460382083679763056", "7.232574021367594607636072e-8", "0.4379723635689875987212405"], ["0.1014036896471768765986771", "0.1509647994351792159225598", "0.3844458235008960203395066", "7.563172693763189974167786e-8", "0.3631856117850209495073568"], ["0.1342637484514625103629308", "0.1193764790043694462472196", "0.4591681152321118065302857", "7.541822216486882941537551e-8", "0.2871915818938340719907345"], ["0.1696813770015213629240171", "0.09010147849732405301182112", "0.5234542199644672337946641", "7.178251103215681956751763e-8", "0.2167628527541763181126782"], ["0.2056416805882578425754248", "0.06521484805254486339217921", "0.5722519014877124867209924", "6.551826987219186344183872e-8", "0.1568915043532149351195401"], ["0.2406601146348289683744621", "0.045580295412319985093049", "0.6041041189117909105604898", "5.774604917095379239802921e-8", "0.1096554132950109650182067"], ["0.2740054434508684459549185", "0.03099346788103145978284822", "0.6204380838390632986843657", "4.95158824068456998890512e-8", "0.07456295531315438873216764"], ["0.3055661782747704798689535", "0.02064214178823716421673397", "0.6241315260428864848721015", "4.158706975130924297825841e-8", "0.04966011230703611973296808"], ["0.3355835579198296503905364", "0.01353908807011465539169622", "0.6183054750332889726187189", "3.439712909159653780233456e-8", "0.03257184457963763000251069"], ["0.3644216936254418107785428", "0.008780783054929708826952548", "0.6056730073728300490068155", "2.813165333642557932204442e-8", "0.02112448781514509496210986"], ["0.3924291294741302872340265", "0.005647182419692795266686954", "0.5883378796639501016887209", "2.281513611057237374083087e-8", "0.01358578562709070523819186"], ["0.4198777776939957911550684", "0.003608581619373402987024991", "0.5678322281730177786355581", "1.838472050943175677414626e-8", "0.008681394128892517790591751"], ["0.4469485672431205901707178", "0.002294119241508151192733705", "0.5452381903240173854678791", "1.473892331172475279950727e-8", "0.005519108452430561443916608"], ["0.4737394230046940024212961", "0.001452261068192756554181856", "0.521314507416498852332946", "1.17658624466728746575693e-8", "0.003493796744751942018701358"], ["0.5002812465919786084613609", "0.0009159425409362052664102897", "0.496599260328641161942582", "9.357862068131082535148606e-9", "0.002203541180581956198564306"], ["0.5265549258776729181877655", "0.0005757696538022536723984312", "0.4714841314026519557627259", "7.417995555818231474366422e-9", "0.001385165647877316558878661"], ["0.5525065607760465111017922", "0.0003608244487118370988492375", "0.4462645506049382103971193", "5.862234809202836365158445e-9", "0.000868058308068632199402964"], ["0.5780601021680150764412028", "0.0002254692531879843797262014", "0.4211719982471967302380376", "4.6193846357577418275376e-9", "0.0005424257122155731832915233"], ["0.6031274386939101605280043", "0.0001405017108462683280694389", "0.3963940420694695412532204", "3.630012137378717390351837e-9", "0.0003380138957618925119885126"], ["0.6276162455323180768071615", "0.00008732271156263205545695379", "0.3720863511135978061956635", "2.845008053830612511166591e-9", "0.0002100777975134311111055085"], ["0.6514359539660193026090647", "0.00005413366862008651746425511", "0.3483796773336555909428679", "2.224097260756670496505399e-9", "0.0001302328076077591739326794"], ["0.6745021635633440657034822", "0.00003347678764761530910046966", "0.325383820678378721342724", "1.734444422337655598345196e-9", "0.0000805372361851753070376965"], ["0.6967397651521970357646608", "0.00002065368061076666202659302", "0.3031898919452105640369005", "1.349412439385453301593738e-9", "0.0000496878725691941509588242"], ["0.7180849957734523686914594", "0.00001271365844218973644061155", "0.2818717034640637576290065", "1.047487577236278937134083e-9", "0.0000305860565541067068145171"], ["0.7384866117323732364964655", "0.000007809192535811452875404457", "0.2614867911925648980392364", "8.113647500289727121667674e-10", "0.00001878707116130398244989446"], ["0.7579063411096155975298318", "0.000004786833847301829417274188", "0.2420773554386368521364596", "6.27177921325604985097513e-10", "0.00001151599072232717868635842"], ["0.7763187591887477375324699", "0.000002928478883228004682879355", "0.2236712666204845647960553", "4.838579255524205031524458e-10", "0.000007045228026544114371382592"], ["0.7937107159694497391965934", "0.000001788268137128275156352457", "0.2062831932392892205416697", "3.726001160219317954726342e-10", "0.000004302150523795964648680126"], ["0.8100804319477420743185616", "0.000001090097149640560620870342", "0.1899158551525140995767058", "2.86425542484488781112175e-10", "0.000002622516168643059622942889"], ["0.8254363653365135863844332", "0.0000006634137842715483430496054", "0.1745613750130344005074591", "2.198210917864046105768301e-10", "0.000001596016846649773360061306"], ["0.8397959403726369608602816", "0.000000403119825407320494621637", "0.1602026865279912987838143", "1.684458311396511793107471e-10", "0.0000009698111005018957582537217"], ["0.8531842123805923646814205", "0.0000002445998825298701645844104", "0.1468149544410545962567993", "1.288925163030251908898738e-10", "0.000000588449577992888590420748"], ["0.8656325312290906765318113", "0.0000001482144165036301576131371", "0.1343669638890781056942808", "9.849480383774164441722403e-11", "0.0000003565689199103060086478979"], ["0.8771772512430588987652747", "8.969599870333560479735798e-8", "0.1228224431983399665559659", "7.517211876581718928435802e-11", "0.0000002157874303125773374566658"], ["0.8878585230193977869082954", "5.421697328566293520366692e-8", "0.1121412922730488884962118", "5.730537695547667129666087e-11", "0.0000001304332746619770808826485"], ["0.897719191345414338179875", "3.273406302680891805897761e-8", "0.1022806971264189898019612", "4.363785385193239380814278e-11", "7.87504657913573133440176e-8"], ["0.9068038138096676915423902", "1.974128956939082700370204e-8", "0.09319611892292495695266487", "3.319643925049294710703585e-11", "4.74929213428636249702972e-8"], ["0.9151578068817988124585003", "1.189170708212089301009416e-8", "0.08484215259258392399928872", "2.522933417989712923937477e-11", "2.860868084724142085795557e-8"], ["0.9228267202967205365606435", "7.153808599846860451034192e-9", "0.07717325531989507071164853", "1.915694339950090463187616e-11", "1.721041884948134659178428e-8"], ["0.9298556365792681246848506", "4.296210260516116324397068e-9", "0.07014434877427127473520242", "1.453330828047357244873865e-11", "1.033571703178335708082716e-8"], ["0.9362886906718628947071358", "2.573452984716944301994114e-9", "0.06371130055249085875858215", "1.101592263923259299125572e-11", "6.191177339178105220810395e-9"], ["0.9421687053792878981947886", "1.534771738851311571289094e-9", "0.05783128938523217151913177", "8.342191135959179099890126e-12", "3.692366000298808856772542e-9"], ["0.9475369428852477898864413", "9.07923930139707970108778e-10", "0.0524630540161851711529524", "6.311138810495052856123584e-12", "2.184331970010403250175096e-9"], ["0.9524329833211346966791512", "5.287919231123061350719517e-10", "0.04756701487305727520419516", "4.769271616788810869410436e-12", "1.272246833387558649719317e-9"], ["0.9568947604472658182290455", "2.989245755773796052811664e-10", "0.04310523853095102776516598", "3.599724608405398187322677e-12", "7.192588538200034861084402e-10"], ["0.9609556058995503909043211", "1.688595557654364309927629e-10", "0.03904439352252802844831668", "2.720476397906509970363979e-12", "4.063415484840192338190418e-10"], ["nan", "nan", "nan", "nan", "nan"]], "conversion": 0.01, "metals": "", "site": "terrace", "R_ode": [], "prefix": "site=terrace-Tg=473.0K-Tv=3000.0K-P=1.0atm-dist=Treanor-nlevels=11-alpha=True", "ENs": [1.0, 0.9789915966386554, 0.957983193277311, 0.9369747899159664, 0.9159663865546218, 0.8949579831932772, 0.8739495798319328, 0.8529411764705882, 0.8319327731092436, 0.8109243697478992, 0.7899159663865546, 0.76890756302521, 0.7478991596638656, 0.726890756302521, 0.7058823529411764, 0.6848739495798319, 0.6638655462184874, 0.6428571428571428, 0.6218487394957983, 0.6008403361344538, 0.5798319327731092, 0.5588235294117647, 0.5378151260504201, 0.5168067226890756, 0.4957983193277311, 0.47478991596638653, 0.45378151260504196, 0.4327731092436974, 0.4117647058823529, 0.39075630252100835, 0.3697478991596638, 0.3487394957983193, 0.32773109243697474, 0.30672268907563016, 0.2857142857142857, 0.2647058823529411, 0.24369747899159655, 0.2226890756302521, 0.2016806722689075, 0.18067226890756294, 0.15966386554621836, 0.1386554621848739, 0.11764705882352933, 0.09663865546218475, 0.07563025210084029, 0.054621848739495715, 0.03361344537815114, 0.012605042016806678, -0.008403361344537785, -0.02941176470588247, -0.050420168067226934, -0.07142857142857162, -0.09243697478991608, -0.11344537815126055, -0.13445378151260523, -0.1554621848739497, -0.17647058823529416, -0.19747899159663884, -0.2184873949579833, -0.23949579831932777, -0.26050420168067245, -0.2815126050420169, -0.3025210084033614, -0.32352941176470607, -0.34453781512605053, -0.365546218487395, -0.3865546218487397, -0.40756302521008414, -0.4285714285714286, -0.4495798319327733, -0.47058823529411775, -0.4915966386554622, -0.5126050420168069, -0.5336134453781514, -0.5546218487394958, -0.5756302521008405, -0.596638655462185, -0.6176470588235294, -0.6386554621848741, -0.6596638655462186, -0.6806722689075633, -0.7016806722689077, -0.7226890756302522, -0.7436974789915969, -0.7647058823529413, -0.7857142857142858, -0.8067226890756305, -0.827731092436975, -0.8487394957983194, -0.8697478991596641, -0.8907563025210086, -0.911764705882353, -0.9327731092436977, -0.9537815126050422, -0.9747899159663866, -0.9957983193277313, -1.0168067226890756, -1.0378151260504205, -1.058823529411765, -1.0798319327731094, -1.1008403361344539, -1.1218487394957983, -1.1428571428571432, -1.1638655462184877, -1.1848739495798322, -1.2058823529411766, -1.226890756302521, -1.2478991596638656, -1.2689075630252105, -1.289915966386555, -1.3109243697478994, -1.3319327731092439, -1.3529411764705883, -1.3739495798319328, -1.3949579831932777, -1.4159663865546221, -1.4369747899159666, -1.457983193277311, -1.4789915966386555, -1.5], "N2_frac": 0.25, "T": 473.0}