{"Evib": 0.0, "p0": 100.0, "theta_ode": [[0.5871274643837548, 0.00019201157439544501, 0.38684859414194006, 0.025828277051270766, 3.6528486389020287e-06], [0.5694863406211169, 0.00032027912959556575, 0.40072257629358093, 0.029464249088467388, 6.554867239216833e-06], [0.55238349995808, 0.000508621344712643, 0.41509594194625365, 0.032000738226103345, 1.1198524850319913e-05], [0.5361367936029884, 0.0007629478241280506, 0.43025309574005655, 0.032829091423761454, 1.80714090656231e-05], [0.5208171979717002, 0.0010784647448090305, 0.44633966902993116, 0.031737187160964034, 2.7481092595538215e-05], [0.5062071960042325, 0.0014431535450838964, 0.4632649729354336, 0.029045116150159613, 3.956136509042363e-05], [0.49192421310683115, 0.0018479792258961525, 0.4807369531044267, 0.02543635587255972, 5.449869028628651e-05], [0.477590696022151, 0.002300778240488007, 0.4983770632182018, 0.021658467545487163, 7.299497367196928e-05], [0.46292037471453834, 0.00284764884867301, 0.5158019384813174, 0.018332845734124272, 9.719222134696448e-05], [0.44770927568409763, 0.003614672803322529, 0.5326287908255335, 0.015914540637839984, 0.00013272004920628078], [0.43180539075510627, 0.004874283790501738, 0.5484518581223639, 0.014675938856332395, 0.00019252847569561915], [0.4150874511640574, 0.007123784292633412, 0.5628181812735514, 0.014667886762035563, 0.0003026965077221888], [0.3973813716289601, 0.011211529643160936, 0.5751082090183579, 0.015786413087644204, 0.0005124766218769228], [0.37318359713536103, 0.025066853022859558, 0.576380751166214, 0.02413621607823834, 0.0012325825973270588], [0.3372737727228662, 0.06248681927207212, 0.5557878199148517, 0.04114620154346789, 0.0033053865467420618], [0.2752998624506819, 0.15975434165126512, 0.48391314903265087, 0.0719416532627937, 0.009090993602608455], [0.18160963461521826, 0.3490597921950532, 0.3404581699002016, 0.10750325698944711, 0.02136914630007991], [0.09083721773092747, 0.5699537734282778, 0.1816232034452654, 0.1200490099217272, 0.037536795473802176], [0.037679038615432384, 0.7259322643220308, 0.08038390882917212, 0.1045714856171208, 0.05143330261624379], [0.014986611294681953, 0.8094318830373737, 0.03414150285266049, 0.0797436420396177, 0.061696360775666204], [0.006229518572054762, 0.851419828168713, 0.01516832909039873, 0.057366481470213886, 0.06981584269861962], [0.0027693553445392407, 0.8728057757952452, 0.007211566054559247, 0.0402189561698533, 0.07699434663580307], [0.0013039678227683366, 0.8833894856368305, 0.0036320476485605163, 0.02783967431474376, 0.0838348245770969], [0.0006383673857015533, 0.887698075455575, 0.0019015926589316088, 0.019132686155766954, 0.0906292783440249], [0.0003198187649345319, 0.8880356705678218, 0.0010185673775470099, 0.013090005410352002, 0.09753593787934467], [0.00016225271633293873, 0.8857031303246888, 0.0005523258854428064, 0.008928866735656122, 0.10465342433787928], [8.284169779723747e-05, 0.8814881068298352, 0.00030134936890212685, 0.00607747757530121, 0.11205022452816416], [4.242277472698424e-05, 0.8758853625396428, 0.00016487803850201115, 0.004130027306170398, 0.11977730934095787], [2.1750043516664383e-05, 0.8692105936703842, 9.030494548793008e-05, 0.0028030407508853245, 0.12787431058972587], [1.115386899856384e-05, 0.8616660279807477, 4.946814574128493e-05, 0.001900387294516029, 0.13637296270999655], [5.7185379961201674e-06, 0.853380807606005, 2.708983472270824e-05, 0.0012871962482949402, 0.14529918777298123], [2.9304108028519156e-06, 0.8444367408817393, 1.48269525539368e-05, 0.0008710994935772689, 0.15467440226132667], [1.500707648221932e-06, 0.8348850434381133, 8.109762372681238e-06, 0.0005890146107567727, 0.164516331481109], [7.679842239943604e-07, 0.8247573578702568, 4.432447820429217e-06, 0.0003979461725434381, 0.17483949552515532], [3.9271110812697376e-07, 0.8140730823089918, 2.420679616163391e-06, 0.0002686335644162551, 0.18565547073586763], [2.0065039737410544e-07, 0.8028442948073408, 1.320907535814459e-06, 0.00018118696561440008, 0.1969729966691116], [1.0243213882409928e-07, 0.7910791001959555, 7.201678839480869e-07, 0.00012209961193758142, 0.20879797759208418], [5.22451575732696e-08, 0.7787839341968374, 3.9228931125728977e-07, 8.220724670110702e-05, 0.2211334140219926], [2.6622807520873383e-08, 0.7659651720610721, 2.1348908760783755e-07, 5.529691320799362e-05, 0.23397929091382474], [1.3553271234400173e-08, 0.7526302674829773, 1.1607168644269687e-07, 3.7159707941496144e-05, 0.2473324431841234], [6.892890628425558e-09, 0.7387885683077331, 6.304391135691468e-08, 2.4946494418695443e-05, 0.26118641526104636], [3.5019527154539514e-09, 0.7244519036471719, 3.42066956692306e-08, 1.6730066342836685e-05, 0.2755313285778368], [1.7772794415973768e-09, 0.7096350029446845, 1.8540237352104054e-08, 1.120783892317073e-05, 0.29035376889887554], [9.009963298138526e-10, 0.6943557851963914, 1.0037858562947728e-08, 7.500110405020353e-06, 0.3056367037543487], [4.5624492166777584e-10, 0.6786355420143214, 5.428431955132375e-09, 5.013268276392846e-06, 0.32135943883272533], [2.3076359888472124e-10, 0.6624990289556042, 2.932255723607613e-09, 3.3470972978369684e-06, 0.3374976207840785], [1.1657840824444494e-10, 0.6459744738644932, 1.5820155980167999e-09, 2.232015439935915e-06, 0.3540232924214728], [5.882185782626661e-11, 0.6290935077673594, 8.52490247793641e-10, 1.486605678584198e-06, 0.3709050047156499], [2.964274563949874e-11, 0.6118910223688669, 4.5880391140541486e-10, 9.889023567178194e-07, 0.38810798824032977], [1.491927128208445e-11, 0.5944049578928651, 2.4661203614904683e-10, 6.569926337780271e-07, 0.40559438485296984], [7.499251976524654e-12, 0.576676025511365, 1.3238615182145412e-10, 4.3592193248194726e-07, 0.42332353842681725], [3.764631025782817e-12, 0.5587473696188875, 7.097492947857101e-11, 2.8886243089168575e-07, 0.4412523414439421], [1.8873628653326442e-12, 0.5406641765068997, 3.800107561259958e-11, 1.911621522254469e-07, 0.45933563229105967], [9.449585364549522e-13, 0.5224732373846683, 2.0319413137199383e-11, 1.2633890617909017e-07, 0.4775266362551611], [4.724891062332677e-13, 0.504222475020944, 1.085045943038748e-11, 8.33861666552466e-08, 0.49577744158156645], [2.359344834011623e-13, 0.4859604444153364, 5.786362863195156e-12, 5.4963132518519725e-08, 0.5140395006155087], [1.1765544514471102e-13, 0.4677358187462389, 3.0816562296160413e-12, 3.6180114045548284e-08, 0.5322641450704477], [5.859432929816873e-14, 0.4495968723091145, 1.6390253054562e-12, 2.3784352363540714e-08, 0.5504031039048355], [2.914241663517966e-14, 0.43159097220988124, 8.705897425361893e-13, 1.5614897839511194e-08, 0.5684090121743213], [1.447527799652739e-14, 0.4137640901980897, 4.618200746552073e-13, 1.023807574495703e-08, 0.5862358995633583]], "R_steadystate": [3.967600121879128e-07, 1.2773890393252196e-06, 3.7272303623017808e-06, 9.700352755271259e-06, 2.240363111673919e-05, 4.629706348224606e-05, 8.727270689943893e-05, 0.0001540743157193138, 0.00026300062025209984, 0.0004512725664076846, 0.0008108326179739135, 0.0015626729093173948, 0.003216785383910022, 0.009125645499200375, 0.027545961135061633, 0.07575776025394038, 0.13972568397018056, 0.13914040167725505, 0.08338861691105696, 0.03817091304585143, 0.01553228456799978, 0.0060005246420199365, 0.0022594278048364536, 0.0008385639143726274, 0.00030843584868755423, 0.00011276448949473924, 4.1050422300292305e-05, 1.4895884286332834e-05, 5.3914792132049505e-06, 1.947249288890144e-06, 7.019639481123276e-07, 2.5260888847762216e-07, 9.075132979626673e-08, 3.254896951448863e-08, 1.1654585297213317e-08, 4.165986542859443e-09, 1.4865523339378922e-09, 5.294921360036494e-10, 1.8824730005177056e-10, 6.679734966097828e-11, 2.3654913586633708e-11, 8.359596364962315e-12, 2.947958805206134e-12, 1.0372910444363015e-12, 3.641622077973313e-13, 1.2754907767391784e-13, 4.4567954630001184e-14, 1.553486756684664e-14, 5.401451369320821e-15, 1.8733214814454535e-15, 6.480319509389568e-16, 2.2358814261447776e-16, 7.69410544330246e-17, 2.6406825889998265e-17, 9.03894329054699e-18, 3.085746621080553e-18, 1.0506180020714034e-18, 3.5675929882258656e-19, 1.20825500152564e-19, 4.0813576128328667e-20], "R_sabatier": [0.007001709232924922, 0.00892056517386005, 0.011365293869514676, 0.014480013566733842, 0.01844833889031248, 0.023504205037052375, 0.02994565839821499, 0.0381524265759657, 0.048608303556992756, 0.06192966966293041, 0.078901827546046, 0.10052529625928902, 0.12807479246435066, 0.1631743757558998, 0.20789318796467327, 0.2648674303296809, 0.3374557691682007, 0.4299373313025304, 0.547763961194593, 0.6978816105002575, 0.8891398061534989, 1.0179876552823026, 0.3232701836512786, 0.10265705197471285, 0.032599574142931353, 0.010352257481173934, 0.0032874427894868225, 0.0010439539505081347, 0.00033151598995633777, 0.00010527557421784407, 3.3431106983275204e-05, 1.0616317435747162e-05, 3.371297156056898e-06, 1.0705825803745352e-06, 3.3997212596410065e-07, 1.0796088835306398e-07, 3.4283850127211884e-08, 1.088711289315515e-08, 3.4572904358319097e-09, 1.0978904393661329e-09, 3.4864395665431923e-10, 1.1071469807293012e-10, 3.515834459604172e-11, 1.1164815659071432e-11, 3.5454771870881096e-12, 1.1258948529032494e-12, 3.575369838538259e-13, 1.1353875052688869e-13, 3.605514521115269e-14, 1.1449601921499331e-14, 3.635913359745722e-15, 1.1546135883339076e-15, 3.6665684972717916e-16, 1.1643483742976687e-16, 3.6974820946025276e-17, 1.1741652362552503e-17, 3.728656330866051e-18, 1.1840648662063648e-18, 3.76009340356303e-19, 1.1940479619850503e-19], "theta_steadystate": [["0.587127464389836031384158", "0.0001920115743857066428099212", "0.3868485941359938152904477", "0.02582827705114570760370901", "0.00000365284863873907887545412"], ["0.5694863406201415417709044", "0.0003202791295956890340435628", "0.4007225762945401906244135", "0.02946424908848337306735341", "0.000006554867239205503285081379"], ["0.552383499958253834229396", "0.0005086213447122516921633883", "0.4150959419461049416712124", "0.03200073822607872550101225", "0.00001119852485024690621596404"], ["0.5361367936030757642337103", "0.0007629478241277896992353522", "0.4302530957399806773897129", "0.03282909142375023173449949", "0.00001807140906553694284202608"], ["0.5208171979717019197832098", "0.001078464744809023897826676", "0.4463396690299296323183636", "0.03173718716096384983772889", "0.00002748109259557416287102962"], ["0.5062071960042324293419398", "0.001443153545083895615172614", "0.4632649729354336356439816", "0.02904511615015960779801713", "0.00003956136509043160088889896"], ["0.4919242131068301617736264", "0.001847979225896157888013448", "0.4807369531044276412202445", "0.0254363558725597935846567", "0.00005449869028624553345897638"], ["0.4775906960221516048455293", "0.002300778240488004366147939", "0.4983770632182012805104895", "0.02165846754548714148281088", "0.00007299497367196879502242128"], ["0.4629203747145373305674878", "0.002847648848673013745040787", "0.515801938481318332462151", "0.01833284573412430563163661", "0.00009719222134701759368375643"], ["0.447709275684097655077181", "0.003614672803322529218429829", "0.5326287908255334580055398", "0.01591454063783998643213618", "0.000132720049206371266713176"], ["0.4318053907551062042115528", "0.004874283790501737718644528", "0.5484518581223639446777914", "0.0146759388563323949793974", "0.0001925284756957184126138492"], ["0.4150874511640573587781114", "0.007123784292633411170934193", "0.5628181812735513845397756", "0.01466788676203556269754214", "0.0003026965077222828136366579"], ["0.3973813716289601138999599", "0.01121152964316093548168377", "0.5751082090183578270401409", "0.01578641308764420397081374", "0.0005124766218769196074016685"], ["0.3731835971353610971552973", "0.02506685302285955883922164", "0.5763807511662139654847085", "0.02413621607823834856333219", "0.001232582597327029957440289"], ["0.3372737727228662218502956", "0.06248681927207210391484117", "0.5557878199148516781754389", "0.04114620154346788838960461", "0.003305386546742107669819719"], ["0.2752998624506818218344112", "0.1597543416512651598874476", "0.4839131490326508493973593", "0.07194165326279372980713926", "0.009090993602608439073642623"], ["0.1816096346152182940724439", "0.3490597921950530826291412", "0.3404581699002016279546923", "0.1075032569894471160497349", "0.02136914630007987929398771"], ["0.09083721773092746159641803", "0.5699537734282778100042622", "0.1816232034452654027089721", "0.1200490099217272268440435", "0.03753679547380209884630416"], ["0.03767903861543238187399584", "0.725932264322030833517669", "0.08038390882917212071910665", "0.1045714856171208190772514", "0.05143330261624384481197708"], ["0.01498661129468196426498355", "0.8094318830373735709987498", "0.03414150285266050403226301", "0.07974364203961773426083721", "0.06169636077566622644316639"], ["0.006229518572054764980397973", "0.8514198281687130029442513", "0.01516832909039873250503854", "0.05736648147021390197111464", "0.06981584269861959759919753"], ["0.002769355344539241000361306", "0.8728057757952452544103564", "0.00721156605455924603622168", "0.04021895616985329959334623", "0.07699434663580295895971443"], ["0.001303967822768337677343566", "0.8833894856368305095332676", "0.00363204764856051800122408", "0.02783967431474376487761251", "0.08383482457709686991055222"], ["0.0006383673857015531663188783", "0.8876980754555750183778784", "0.001901592658931608699870783", "0.0191326861557669524989345", "0.09062927834402486725699739"], ["0.000319818764934531902917263", "0.8880356705678218799009123", "0.001018567377547009759582064", "0.01309000541035200015723665", "0.09753593787934457827935177"], ["0.0001622527163329387942981007", "0.8857031303246888327939996", "0.0005523258854428064208568847", "0.008928866735656121922579235", "0.1046534243378793000682662"], ["0.00008284169779723747635096806", "0.8814881068298352534127453", "0.0003013493689021269101729927", "0.006077477575301210110521344", "0.1120502245281641720902094"], ["0.000042422774726984240828593", "0.8758853625396427345524154", "0.0001648780385020111394561446", "0.004130027306170398051683064", "0.1197773093409578720156168"], ["0.00002175004351666439903404288", "0.8692105936703842420611136", "0.00009030494548793012826323813", "0.002803040750885325025653107", "0.127874310589725838385936"], ["0.0000111538689985638516625493", "0.8616660279807475868990484", "0.00004946814574128496562451193", "0.001900387294516029997411041", "0.1363729627099965342862535"], ["0.000005718537996120170166064073", "0.8533808076060051540817599", "0.00002708983472270824657385807", "0.001287196248294940464059888", "0.1452991877729810770374402"], ["0.000002930410802851917273831968", "0.8444367408817393213307977", "0.00001482695255393680758135214", "0.0008710994935772690111920957", "0.1546744022613266209331551"], ["0.000001500707648221932398082629", "0.8348850434381133789769034", "0.000008109762372681240084900025", "0.0005890146107567727187533304", "0.1645163314811089451318603"], ["0.0000007679842239943609074949425", "0.824757357870256778230658", "0.000004432447820429219378064575", "0.000397946172543438200451389", "0.1748394955251553599886051"], ["0.0000003927111081269738683013279", "0.8140730823089917556206704", "0.000002420679616163391726334709", "0.0002686335644162551516988742", "0.1856554707358676988620361"], ["0.0000002006503973741055631455837", "0.8028442948073407461895407", "0.000001320907535814459889646556", "0.0001811869656144001385833937", "0.1969729966691116651064231"], ["0.0000001024321388240993432088985", "0.7910791001959555697898921", "0.0000007201678839480872846673327", "0.0001220996119375814743627639", "0.2087979775920840765491173"], ["5.224515757326962022280715e-8", "0.7787839341968374246841413", "0.0000003922893112572897661163815", "0.00008220724670110703179915428", "0.2211334140219926377246732"], ["2.662280752087340120041739e-8", "0.7659651720610720688539569", "0.0000002134890876078376997987999", "0.00005529691320799365256601208", "0.2339792909138248087823761"], ["1.35532712344001906271491e-8", "0.7526302674829773588624906", "0.0000001160716864426969569547304", "0.00003715970794149616299010126", "0.2473324431841234678773717"], ["6.892890628425558773564828e-9", "0.7387885683077330682976886", "6.30439113569146869511491e-8", "0.00002494649441869544344584382", "0.2611864152610462509186198"], ["3.501952715453953011996599e-9", "0.7244519036471718912692618", "3.420669566923060919543964e-8", "0.00001673006634283668669167127", "0.2755313285778368873594843"], ["1.777279441597378589135792e-9", "0.7096350029446844604184419", "1.854023735210406408256658e-8", "0.0000112078389231707306906304", "0.2903537688988755751494248"], ["9.009963298138530531115805e-10", "0.6943557851963913620131092", "1.00378585629477297018852e-8", "0.000007500110405020354913868231", "0.3056367037543487248703942"], ["4.562449216677760033090857e-10", "0.6786355420143214387095694", "5.428431955132375841277818e-9", "0.000005013268276392846884359833", "0.3213594388327252916433944"], ["2.307635988847213676432319e-10", "0.662499028955604149032427", "2.932255723607613932914156e-9", "0.000003347097297836969105976851", "0.3374976207840786915061317"], ["1.165784082444449443048758e-10", "0.6459744738644931913463864", "1.582015598016799390807612e-9", "0.000002232015439935914786401865", "0.3540232924214728664775829"], ["5.882185782626665999809626e-11", "0.629093507767359320026854", "8.524902477936416952013189e-10", "0.000001486605678584198409764897", "0.3709050047156499901548279"], ["2.964274563949876610305613e-11", "0.6118910223688668918836917", "4.588039114054151252613976e-10", "0.0000009889023567178197865636471", "0.3881079882403297332516079"], ["1.491927128208444859201061e-11", "0.594404957892865125983982", "2.466120361490468927184467e-10", "0.0000006569926337780273443192867", "0.4055943848529697885575424"], ["7.499251976524653255939023e-12", "0.5766760255113649761972287", "1.323861518214541265695936e-10", "0.0000004359219324819472029427631", "0.4233235384268171380575895"], ["3.764631025782821001262024e-12", "0.5587473696188875130455523", "7.09749294785710713557815e-11", "0.0000002888624308916859180685001", "0.4412523414439420347641757"], ["1.88736286533264481332934e-12", "0.5406641765068996718760435", "3.800107561259958328737225e-11", "0.0000001911621522254469186350802", "0.4593356322910596641991056"], ["9.449585364549527041523448e-13", "0.522473237384668313093806", "2.031941313719938742414498e-11", "0.0000001263389061790901762522531", "0.4775266362551611361423634"], ["4.724891062332679544078768e-13", "0.50422247502094395925433", "1.085045943038748455370779e-11", "8.33861666552466388509715e-8", "0.4957774415815664369624104"], ["2.359344834011624379134998e-13", "0.4859604444153364074463995", "5.786362863195158840238397e-12", "5.496313251851973430842104e-8", "0.5140395006155087766872699"], ["1.176554451447110726054128e-13", "0.4677358187462388747424112", "3.081656229616041677938692e-12", "3.618011404554828806261718e-8", "0.53226414507044776803454"], ["5.859432929816873481256758e-14", "0.4495968723091145434056533", "1.639025305456200447084273e-12", "2.378435236354071277199385e-8", "0.5504031039048354734188796"], ["2.914241663517966686258558e-14", "0.4315909722098812220696906", "8.705897425361896571512151e-13", "1.561489783951119713446055e-8", "0.5684090121743212062599409"], ["1.447527799652740310777784e-14", "0.4137640901980897064755762", "4.618200746552075796690265e-13", "1.023807574495703137444141e-8", "0.5862358995633582532147407"]], "conversion": 0.01, "metals": "", "site": "step", "R_ode": [3.9676001221353383e-07, 1.2773890393120427e-06, 3.7272303623781772e-06, 9.70035275529676e-06, 2.240363111665771e-05, 4.629706348217012e-05, 8.72727068995493e-05, 0.00015407431571958717, 0.00026300062025197315, 0.00045127256640738097, 0.0008108326179746643, 0.0015626729093157327, 0.0032167853839090606, 0.009125645499201241, 0.027545961135061546, 0.07575776025393917, 0.1397256839701797, 0.13914040167725542, 0.08338861691105683, 0.0381709130458514, 0.015532284567999792, 0.006000524642019941, 0.002259427804836455, 0.0008385639143726276, 0.0003084358486875548, 0.00011276448949473914, 4.105042230029229e-05, 1.4895884286332822e-05, 5.3914792132049505e-06, 1.9472492888901438e-06, 7.019639481123291e-07, 2.5260888847762216e-07, 9.075132979626676e-08, 3.2548969514488615e-08, 1.1654585297213319e-08, 4.165986542859442e-09, 1.4865523339378943e-09, 5.294921360036495e-10, 1.8824730005177059e-10, 6.679734966097827e-11, 2.3654913586633708e-11, 8.359596364962311e-12, 2.9479588052061334e-12, 1.037291044436302e-12, 3.641622077973313e-13, 1.2754907767391782e-13, 4.456795463000118e-14, 1.5534867566846636e-14, 5.401451369320821e-15, 1.8733214814454543e-15, 6.480319509389568e-16, 2.2358814261447776e-16, 7.694105443302458e-17, 2.640682588999827e-17, 9.038943290546988e-18, 3.085746621080554e-18, 1.0506180020714038e-18, 3.567592988225866e-19, 1.2082550015256402e-19, 4.081357612832867e-20], "prefix": "site=step-T=673.0K-P=100.0atm-Ev=0.0eV", "ENs": [-1.5, -1.457627118644068, -1.4152542372881356, -1.3728813559322033, -1.3305084745762712, -1.288135593220339, -1.2457627118644068, -1.2033898305084745, -1.1610169491525424, -1.1186440677966103, -1.076271186440678, -1.0338983050847457, -0.9915254237288136, -0.9491525423728814, -0.9067796610169492, -0.864406779661017, -0.8220338983050848, -0.7796610169491526, -0.7372881355932204, -0.6949152542372882, -0.652542372881356, -0.6101694915254238, -0.5677966101694916, -0.5254237288135594, -0.48305084745762716, -0.4406779661016951, -0.39830508474576276, -0.35593220338983045, -0.31355932203389836, -0.27118644067796627, -0.22881355932203395, -0.18644067796610164, -0.14406779661016955, -0.10169491525423746, -0.05932203389830515, -0.016949152542372836, 0.025423728813559254, 0.06779661016949134, 0.11016949152542366, 0.15254237288135597, 0.19491525423728806, 0.23728813559322015, 0.27966101694915246, 0.3220338983050848, 0.36440677966101687, 0.40677966101694896, 0.44915254237288127, 0.4915254237288136, 0.5338983050847457, 0.5762711864406778, 0.6186440677966099, 0.6610169491525424, 0.7033898305084745, 0.7457627118644066, 0.7881355932203391, 0.8305084745762712, 0.8728813559322033, 0.9152542372881354, 0.9576271186440675, 1.0], "N2_frac": 0.25, "T": 673.0}