{"Evib": 0.0, "p0": 1.0, "theta_ode": [], "R_steadystate": [3.7445132331983642e-32, 8.0620496879015989e-32, 1.7335433793463678e-31, 3.7227051496891684e-31, 7.9838707141107432e-31, 1.71000055579007e-30, 3.6576708367059613e-30, 7.8133461393339784e-30, 1.6668357689103329e-29, 3.5511731730650703e-29, 7.5557040559075107e-29, 1.605475162777881e-28, 3.4069054210682806e-28, 7.220169735628278e-28, 1.5281617205130527e-27, 3.2302062009895611e-27, 6.8192297200162521e-27, 1.4377729891822461e-26, 3.0276220128724297e-26, 6.3676081081793182e-26, 1.3375865911064621e-25, 2.8063800601024907e-25, 5.8811011334704564e-25, 1.2310265605773256e-24, 2.5738441917142233e-24, 5.375426718063448e-24, 1.121423452653366e-23, 2.3370216564588006e-23, 4.8652247896727019e-23, 1.0118147630070544e-22, 2.1021710382562808e-22, 4.3633006646847893e-22, 9.0480183161295228e-22, 1.8745379802226351e-21, 3.8801510569557127e-21, 8.0246801673685162e-21, 1.6582213337318633e-20, 3.4237629782415984e-20, 7.0635301557343765e-20, 1.4561528856269795e-19, 2.999638347976208e-19, 6.1747117577030509e-19, 1.2701609284777773e-18, 2.6109741003023469e-18, 5.3635763214507315e-18, 1.1010811264213472e-17, 2.2589162147475214e-17, 4.6312421127712843e-17, 9.4887487146826513e-17, 1.9427999678633265e-16, 3.9750572773384998e-16, 8.1271210186323736e-16, 1.6602802556026925e-15, 3.3887507079841779e-15, 6.9096997247816341e-15, 1.4072432634749737e-14, 2.8620325318720424e-14, 5.8109753889091936e-14, 1.1774055567687564e-13, 2.3795108512946458e-13, 4.7934733162377582e-13, 9.6171805465386671e-13, 1.9196008663799489e-12, 3.8066644360494031e-12, 7.486907353125618e-12, 1.457346443182826e-11, 2.8003273603970118e-11, 5.2956584417802087e-11, 9.8216243406751068e-11, 1.7796477811158393e-10, 3.1378622507718882e-10, 5.3627686906567339e-10, 8.8531793739838496e-10, 1.4080350551085162e-09, 2.1540636708508172e-09, 3.168864456988418e-09, 4.4867898127220915e-09, 6.1254827043372217e-09, 8.081656778953725e-09, 1.0325890251593502e-08, 1.2791594954695537e-08, 1.5351480740235576e-08, 1.7775449939445965e-08, 1.9674250478723069e-08, 2.0471723494796914e-08, 1.9528572725380836e-08, 1.6567474917687404e-08, 1.2210575144949279e-08, 7.8366970925355308e-09, 4.5380832185787883e-09, 2.4902301387387487e-09, 1.3425393378019075e-09, 7.2309683545741028e-10, 3.9089426886842626e-10, 2.120363368346369e-10, 1.16037524709321e-10, 6.4779476309443126e-11, 3.6260959137135079e-11, 2.0412534583828541e-11, 1.1597757512946556e-11, 6.6776456945816934e-12, 3.9108078184218336e-12, 2.3338053783344809e-12, 1.4151548260607525e-12, 8.6377665617676611e-13, 5.2274850783661654e-13, 3.1507223869985266e-13, 1.8681344156098362e-13, 1.1019722657348562e-13, 6.4525382294778226e-14, 3.7430978785377559e-14, 2.1311958710545165e-14, 1.1763120486847344e-14, 6.1651824335575024e-15, NaN, NaN, NaN, NaN, NaN, NaN], "R_sabatier": [1.071832938001718e-31, 2.4074655866579838e-31, 5.4074570256704484e-31, 1.2145798322735138e-30, 2.7280922658513988e-30, 6.1276230785646175e-30, 1.3763377823747857e-29, 3.0914200610983186e-29, 6.9437009697367552e-29, 1.5596386839772481e-28, 3.503135914348715e-28, 7.8684642542369633e-28, 1.767351631051766e-27, 3.9696841554557308e-27, 8.9163876713648359e-27, 2.0027278239957708e-26, 4.498367371226016e-26, 1.0103873708679115e-25, 2.2694514586324304e-25, 5.0974607082280057e-25, 1.1449509339841167e-24, 2.571697392615714e-24, 5.7763413984675223e-24, 1.297435695484852e-23, 2.9141964918570149e-23, 6.5456355353150109e-23, 1.4702284036405719e-22, 3.3023096798001946e-22, 7.4173843970763607e-22, 1.6660336742652394e-21, 3.7421118485915496e-21, 8.4052329215644448e-21, 1.887916324370172e-20, 4.240486945553979e-20, 9.5246432817472565e-20, 2.1393493438212409e-19, 4.8052357232939265e-19, 1.0793136905437299e-18, 2.424268255869451e-18, 5.4451978399861755e-18, 1.2230568727204101e-17, 2.7471327174265106e-17, 6.1703902209953431e-17, 1.3859437965204078e-16, 3.1129963232755226e-16, 6.9921638475217669e-16, 1.5705240287321376e-15, 3.52758570681839e-15, 7.9233814263862277e-15, 1.7796866878856186e-14, 3.9973901754743949e-14, 8.9786187219074815e-14, 2.016705665811564e-13, 4.5297632837363876e-13, 1.0174392701192264e-12, 2.2852908718154273e-12, 5.1330379337441151e-12, 1.1529420063856215e-11, 2.5896463015594732e-11, 5.8166568049716864e-11, 1.3064910202775294e-10, 2.93453583956828e-10, 6.5913201545628643e-10, 1.4804897181401883e-09, 3.3253578253234557e-09, 7.4691533017407253e-09, 1.6776615923875222e-08, 3.7682295500833698e-08, 8.4638964178191773e-08, 1.9010928506196729e-07, 4.2700830070040459e-07, 9.591119592481395e-07, 2.154280722093559e-06, 4.8387733932772691e-06, 8.7708530346080475e-06, 7.3932942201352413e-06, 6.2320961495768848e-06, 5.2532769914383711e-06, 4.4281921341424462e-06, 3.7326959170131305e-06, 3.1464350206169708e-06, 2.6522528379131726e-06, 2.2356873954572163e-06, 1.8845481315947854e-06, 1.5885591462893589e-06, 1.3390584824830483e-06, 1.1287446386231008e-06, 9.5146289418060001e-07, 8.0202519509357324e-07, 6.7605832817983558e-07, 5.6987594142599109e-07, 4.8037066489589879e-07, 4.0492317523549536e-07, 3.4132554259600608e-07, 2.8771661676489922e-07, 2.4252756161474717e-07, 2.0443594396516365e-07, 1.7232703329329809e-07, 1.4526117974992722e-07, 1.2244631581643689e-07, 1.0321477687865196e-07, 8.7003762384166089e-08, 7.333886578953723e-08, 6.182019131019339e-08, 5.2110651187274829e-08, 4.392610099726515e-08, 3.7027024319609995e-08, 3.1211523418624129e-08, 2.6309410815802309e-08, 2.2177228845600787e-08, 1.8694051444692253e-08, 1.5757945316333811e-08, 1.3282986907745335e-08, 1.1196747903957434e-08, 9.4381756524710255e-09, 7.9558064905090485e-09, 6.7062596888471882e-09, 5.6529679383113241e-09, 4.7651072273148549e-09, 4.0166947938839721e-09], "theta_steadystate": [["4.532012584302100095236892e-18", "0.4043937999867702630695496", "6.968839549947198619686344e-16", "1.184618063065440356700947e-9", "0.5956061988286109724490424"], ["7.429204807892224987221948e-18", "0.4168668026403896928830741", "1.090600893964257701554716e-15", "1.596501609177212390535073e-9", "0.5831331957631075999096147"], ["1.217063187074802314577131e-17", "0.4294471305918879795485339", "1.705653479209856721267642e-15", "2.150205369321951347919668e-9", "0.5705528672579049333054037"], ["1.992513456842931740419676e-17", "0.4421192665195321529115184", "2.665833990813552613997873e-15", "2.894062227280812113672798e-9", "0.5578807305864029340485441"], ["3.259904403523754421528078e-17", "0.4548672205257096001227358", "4.163809602809572265595626e-15", "3.892702845228240669661477e-9", "0.5451327755815833582403767"], ["5.329941178822667089705263e-17", "0.4676746085182038160243192", "6.499239989245204967485783e-15", "5.232492207650178865171712e-9", "0.5323253862492974237861009"], ["8.708688845742557082644001e-17", "0.480524734906981211625428", "1.013787872037274486267476e-14", "7.028760318076641336620141e-9", "0.5194752580642482453323218"], ["1.421985506466963032685358e-16", "0.4934006787477421076946412", "1.580314945457403902236699e-14", "9.435413036894815447508522e-9", "0.5065993118168289100625381"], ["2.320327125060132742458623e-16", "0.5062853823982357662951907", "2.461794824907663680243353e-14", "1.265769858009400026958425e-8", "0.4937146049440408036298475"], ["3.78368445337267020810163e-16", "0.5191617417051696847298617", "3.832407732542914910192782e-14", "1.69691554899023587699116e-8", "0.4808382413256361229220088"], ["6.165845355553407384455274e-16", "0.5320126967098062156626217", "5.96215943199501604019822e-14", "2.273409826493557679628592e-8", "0.467987280556035281222946"], ["1.004114243927068694989657e-15", "0.5448213218499138866560716", "9.26932788563707612244916e-14", "3.043743273177160214868533e-8", "0.4551786477125596841792259"], ["1.634133542477609463168566e-15", "0.5575709146448524657690923", "1.440146990943542569809855e-13", "4.072416810837149451703093e-8", "0.4424290446308337770267763"], ["2.657708730895749579502907e-15", "0.5702450818789261114879379", "2.23604644390086792549719e-13", "5.445175055205407891859489e-8", "0.4297548636690970741048622"], ["4.31960973668810544178157e-15", "0.5828278223448265174957782", "3.469541671543138242274427e-13", "7.275934164880532724569229e-8", "0.4171721048954805599220036"], ["7.016186908972016714788885e-15", "0.5953036052725632226746217", "5.380007814072235188200753e-13", "9.715948082046447104726886e-8", "0.4046962975674109398925911"], ["1.13888496792569328308313e-14", "0.6076574436477969069387956", "8.337114712442791133858851e-13", "0.0000001296593029121752064774461", "0.3923424266920550805650744"], ["1.847496116720106662455455e-14", "0.6198749617145784421131463", "1.291140816054178074216786e-12", "0.0000001729207625256925171077106", "0.3801248653633494164171152"], ["2.995127914237592533030624e-14", "0.6319424560584400793363962", "1.998295041839585202641483e-12", "0.0000002304723173662922874152001", "0.3680573134672143080503344"], ["4.852649062364112472571395e-14", "0.6438469497735761502888049", "3.090845385663007935111169e-12", "0.0000003069884703201854832470411", "0.3561527432348141576494252"], ["7.85738164735926551741988e-14", "0.6555762393293666048535475", "4.777826819443345622404826e-12", "0.0000004086587613184950981885672", "0.3444233520070156760154373"], ["1.271499844869900865130957e-13", "0.6671189338634476301901857", "7.381132936961295507445972e-12", "0.000000543674625269164275131259", "0.3328805224544188177240909"], ["2.056357247225020173699366e-13", "0.6784644867376681098054411", "1.139618371063537861923055e-11", "0.0000007228715032069547360178718", "0.321534790379226863804465"], ["3.323755947999750192570031e-13", "0.6896032192963272619764715", "1.758507248971568578218241e-11", "0.0000009605753817210419202609082", "0.3103958201103735688970925"], ["5.369238753536129670455621e-13", "0.7005263368598901653948374", "2.711951455921274523349922e-11", "0.000001275718421327260082894174", "0.2994723873940320689105133"], ["8.668705239868795964301284e-13", "0.7112259370687632283600761", "4.180012601590754624938489e-11", "0.000001693308672668748703472674", "0.2887723695798971063513259"], ["1.398810082647372154267063e-12", "0.7216950107575958570623394", "6.439264564694638314122541e-11", "0.000002246365584518715253613498", "0.2783027428110281684928132"], ["2.255960436381957598401896e-12", "0.7319274355877348126040347", "9.914325054022404011312027e-11", "0.000002978468064545408041665952", "0.2680695858428014310113177"], ["3.636450997974812817247565e-12", "0.7419179626905390937419803", "1.525680425418818447814913e-10", "0.000003947107864245646052999174", "0.25807809004539216707211"], ["5.858722983697041784020483e-12", "0.7516621965734776468174628", "2.346621028566446772834522e-10", "0.000005228101432168926843581913", "0.2483325750845693584153519"], ["9.434364601181450487494788e-12", "0.7611565685098683734442841", "3.607503906366237738950602e-10", "0.000006921392579923680057232376", "0.2388365097273669476378535"], ["1.518491536559481490372997e-11", "0.7703983035663457510404154", "5.543201800819016684788999e-10", "0.000009158682181239428756176543", "0.229592537181967914083332"], ["2.44291139319770278088073e-11", "0.7793853813128012086821718", "8.513540146923349167323483e-10", "0.00001211345733104270924561532", "0.2206025043540846199842707"], ["3.928296639262154945846575e-11", "0.7881164900986829577158872", "1.30695582407220264245239e-9", "0.00001601417094712624353613275", "0.2118674943841311255757525"], ["6.314044582225190518815956e-11", "0.7965909745554720877661847", "2.005480467543113125697118e-9", "0.00002116155680482976920921083", "0.2033878618191021690992411"], ["1.014432997667076184908703e-10", "0.8048087756823314755530487", "3.076014082816145930481972e-9", "0.00002795137158352655884077692", "0.195163269768627615305257"], ["1.629134440489230759860698e-10", "0.8127703624698223439166653", "4.716024320089034956023497e-9", "0.00003690425704536799253592611", "0.1871927283941945239528408"], ["2.615252922289584861337993e-10", "0.8204766534879884080981632", "7.227481126525880803480437e-9", "0.00004870494115624506639760255", "0.1794746340818489280805999"], ["4.19661305039676298858014e-10", "0.827928926174103012676621", "1.107200710703083097036755e-8", "0.00006425368484519623545154332", "0.1720068086493833790174202"], ["6.731590482633295498437072e-10", "0.835128710654641095306844", "1.695505782662355756218097e-8", "0.00008473378068963716336411091", "0.1647865379364523926429048"], ["1.079381137178452711848082e-9", "0.8420776637635488809253675", "2.59543746864975794315034e-8", "0.0001117000853913020512449427", "0.1578106091173039933473554"], ["1.730114701094049880180348e-9", "0.8487774173935392786482622", "3.971593578183296827060109e-8", "0.000147195102700552784208752", "0.1510753460577096856405109"], ["2.772184325024756554692605e-9", "0.8552293933335133569343944", "6.07527811462903689560266e-8", "0.0001939011348135826531433277", "0.1445766420067075890973368"], ["4.440380522459823150500213e-9", "0.8614345741669135884708512", "9.290057574071588943608592e-8", "0.0002553396259988239126178306", "0.1383099888661313244408184"], ["7.110044504397335995098581e-9", "0.8673932164576617650815715", "0.0000001420118845587411986904621", "0.0003361322079541026904882062", "0.1322705022124550690894056"], ["1.138101321874904021766005e-8", "0.8731044881092688017880258", "0.0000002170138506295292490509607", "0.0004423423439739547536059807", "0.1264529411518933951800789"], ["1.821157533377020854962573e-8", "0.8785660061680842499639068", "0.0000003315188229482021393231149", "0.00058192213489117289649604", "0.1208517219666262951672493"], ["2.913213976884371870642283e-8", "0.8837732441063109989143696", "0.0000005062758500764392462331306", "0.0007652961321054827375155639", "0.1154609243535936730651499"], ["4.658588062892132635497219e-8", "0.8887187683451521168317889", "0.0000007728999561103550990403588", "0.001006123303956393896102017", "0.1102742888650547499956837"], ["7.447149691672742049696136e-8", "0.8933912519758694285792528", "0.00000117954142895378389909721", "0.001322290078679846373875143", "0.1052852039325248545355525"], ["0.000000119007395334117650862185", "0.8977741987741155237297521", "0.000001799497316394863475514869", "0.001737202122060627391418207", "0.1004866805991121198977033"], ["0.000000190106449344105125751187", "0.9018442921643019054182807", "0.000002744278826321026550084", "0.002281460633892313193004325", "0.09587131281653011625703911"], ["0.0000003035606311237164820963362", "0.9055692614070380378410479", "0.000004183415045364681057651236", "0.002995030699870823694876613", "0.09143122091741465006653574"], ["0.0000004845078890715309437532503", "0.908905130988136515681081", "0.000006374417013565888751422727", "0.003930034369700251352309081", "0.08715797571726059554691472"], ["0.0000007729243403323292069520779", "0.9117926898895050348429698", "0.000009708020848659415251641502", "0.005154328414802524009354417", "0.08304250075050344940321718"], ["0.000001232305615134836191485552", "0.9141529877256003804742229", "0.00001477631780899055785296884", "0.006756053050437633619851", "0.07907495060053786051188169"], ["0.000001963349858056419959204093", "0.915881640330894323172275", "0.000022474992085138359368264", "0.008849356858437753953846911", "0.07524456446872472809455063"], ["0.000003125443897928741312413418", "0.9168417193329241846421751", "0.0000341560456776166172451465", "0.01158150262086976124359799", "0.07153949655663050875566939"], ["0.000004970239540473974944461532", "0.9168550284291789969880978", "0.00005185458762450237769723626", "0.01514151745201419829177926", "0.06794662929164182836748125"], ["0.000007893792344134020499396575", "0.9156916672416845732796846", "0.00007862297966291255069385121", "0.01977043294176363596776949", "0.06445138304454474418135263"], ["0.00001251685823784087217836103", "0.913058005752995040595532", "0.0001190180980744344093558949", "0.02577291098502048236481055", "0.06103754830567220175812325"], ["0.00001980722130490978352576862", "0.9085836191132050036390233", "0.0001798022049288110859228219", "0.03352958630590101401651909", "0.05768718515466026147500905"], ["0.0000312634179673736769778232", "0.9018084733934942732401676", "0.0002709328055835298911384517", "0.04350866836832861164795517", "0.05438066201462621154376093"], ["0.00004918554222859777547678207", "0.8921728327466124583486239", "0.000406926655107287159229663", "0.05627411344342363802631467", "0.05109694161262801869035503"], ["0.00007706462307930805762521726", "0.8790140701352257389716056", "0.0006086772782492298080101044", "0.07248592432928991847545797", "0.04781426363415580468730107"], ["0.0001201243199531643450537645", "0.861576752483524213826162", "0.0009057661687167349412092657", "0.09288594717675076405798819", "0.04451140985105512282958674"], ["0.0001860418883520024393845762", "0.8390446195199769275385774", "0.001339210086489399437853591", "0.118260384344224772441421", "0.04116974416095689814276344"], ["0.00028585156941475920341119", "0.8106042982619459755837733", "0.001964404780508533337744105", "0.1493692908063695939257546", "0.03777615458176113794931686"], ["0.0004349847634020490117182023", "0.7755487900285343558770928", "0.00285375293303167295784116", "0.1868356420221816450448222", "0.03432683025285027710852564"], ["0.0006543266650489868961965199", "0.7334212422947843832130894", "0.004098153483431162829418212", "0.2309948385336150969581777", "0.03083143902312037010311815"], ["0.0009710872287225127014777808", "0.6841842715044616851039684", "0.005806337545363237294917128", "0.2817215472902845559945168", "0.02731675643116800890511992"], ["0.001419245989462146731247661", "0.6283787431770123239426776", "0.008101232015844425032092663", "0.3382724676566256760539728", "0.02382831116105542824000923"], ["0.002039413236255228785800828", "0.5672168791366421443111045", "0.0111133911566724611155099", "0.3992018081126375845586644", "0.02042850835779258122892041"], ["0.002878219469002529817532961", "0.5025526810509419635986081", "0.01497309124621515003655745", "0.4624056535276441696303957", "0.01719035470619618691690586"], ["0.003987787698951821679576163", "0.4367007056217781918015602", "0.01980448401816394630082861", "0.5253196207917361784790057", "0.01418740186936986173902926"], ["0.005426340442965416188559275", "0.3721287712286608739078154", "0.02572643582014582592286789", "0.5852361771088509264586671", "0.01148227539937695752209036"], ["0.007261411747630212826224433", "0.3111052085369282878029823", "0.03286481344037862904083126", "0.6396514451308336602775349", "0.009117121144229210052427066"], ["0.009577508462690762521523334", "0.2554027417154313011683283", "0.041380509239241637586767", "0.6865305152921316801139444", "0.007108725290504618609436966"], ["0.0124906992898260316112948", "0.2061344634990585683911946", "0.0515178940403920880934798", "0.7244077460659923057181244", "0.005449197104731006185906361"], ["0.01617392985683964693692882", "0.1637406808189152797770055", "0.06368091467806809336778876", "0.7522934106718527607321859", "0.004111063974324219186090925"], ["0.02089893616907252797804067", "0.1280932830622708060795301", "0.07854791701981331467598994", "0.7694053665318747820775168", "0.003054497216968569188922472"], ["0.02710211233765632212482581", "0.09866067226429450996068595", "0.09723575305049287532754043", "0.7747669992768587445634423", "0.00223446307069754802350553"], ["0.03547715671208048548610994", "0.07468243319673436231597081", "0.1215017890355595349869661", "0.7667321855093749614957094", "0.001606435546250655715243823"], ["0.04707143791600988618997529", "0.05532513831868887581015254", "0.1538885481665060363429945", "0.7425846032773924244549664", "0.001130272321402777201911199"], ["0.06328538849736427175171892", "0.03981274695844161275831058", "0.1975049096502668253767165", "0.6986244549238008370798953", "0.0007724999701264530333587729"], ["0.08552988519442321524943933", "0.02753148260571129470689262", "0.254820574719957331063077", "0.6316106911033211165951047", "0.000507366376587042385486363"], ["0.1142486920988453898470329", "0.01808400797952187143236085", "0.3249593114260475489801515", "0.5423914674762240277428127", "0.0003165210193611619976419105"], ["0.1476088789139304384649258", "0.01122475107678258636039004", "0.4008373129536107618427501", "0.4401424618766184198347036", "0.0001865951790577934972304386"], ["0.1814767384002967748772093", "0.006656773245049266841691578", "0.4705064901594318257540364", "0.3412548980313942949890586", "0.0001051001638278375380041204"], ["0.2118327764914795644746962", "0.00387740744369654862339508", "0.5243620897109541632550801", "0.2598695833924120202662016", "0.00005814296145770338062704782"], ["0.2371867813777367695388993", "0.002281845703746817740192492", "0.5605589226880460963037914", "0.1999399521079667597567683", "0.00003249812250355666034847556"], ["0.2582614969262321776706623", "0.00137574587378310411992076", "0.5827459029093322993770357", "0.1575982451302496085252567", "0.00001860916040281030712451502"], ["0.2763959701287790990063078", "0.0008500401540558983673675819", "0.5954358069728726550251141", "0.127307262183769914785939", "0.00001092056052243281527149281"], ["0.2926758310905329667972268", "0.0005353445162184420373401559", "0.6019612024604670496189494", "0.1048210897809074511306071", "0.000006532151874090415876571585"], ["0.3078038749943549082164499", "0.0003415956893196640846956785", "0.6044064411298989345860315", "0.08744412947888625374097873", "0.000003958707540239371844161874"], ["0.3219763964795439509106494", "0.0002217118420383796546827899", "0.6035980912922507236531446", "0.07420136005416482103510813", "0.00000244033200212474641500832"], ["0.3351735117412466666160593", "0.0001481082423393599878542541", "0.5998718143153525215397426", "0.06480501738682763505624183", "0.000001548314233816800102063049"], ["0.3481305102487844955091934", "0.00009953671573392287807594631", "0.5948283772160411496777984", "0.05694058752934862342015289", "0.0000009882900918085147793879582"], ["0.3608359352164592739459709", "0.00006752291325674030698177657", "0.5885946178124433129266735", "0.0505012872985865736135346", "0.0000006367592540992068391808491"], ["0.3732704675811881888018123", "0.00004643439928990579936625328", "0.5812772762777237285701011", "0.04540540584192163846667194", "0.0000004158998765383620483859077"], ["0.3854048349406450104758891", "0.00003253838451199040645709952", "0.5729632545838723267514947", "0.04159909528741112618478518", "0.0000002768035595461813738877337"], ["0.3972007479847742273255724", "0.00002336264129721675866061689", "0.5637246484729678892878024", "0.03905105213411691703877559", "0.0000001887668437495891890373716"], ["0.4086201298306751821587531", "0.00001726371538163981836383206", "0.5536340525651691109877718", "0.03772842140384885613767353", "0.0000001324849252108974377936928"], ["0.4196489153006707804258191", "0.00001313943410650532866373144", "0.5427945416044506247701757", "0.03754330788928028292392293", "9.577149180655141856086871e-8"], ["0.430332636697714428105295", "0.00001024746721797522674934309", "0.5313754902478898985549838", "0.03828155464551771112204744", "7.094165998699092449590955e-8"], ["0.4407994892002373598918464", "0.000008101376858939722779013065", "0.5196246456827751263106821", "0.03956771047232063080426978", "5.326780794327042278166086e-8"], ["0.442703097313698019107592", "0.000006671218536081192764326687", "0.5173293428370896931627347", "0.03996084827984860087940993", "4.035082760565749895539997e-8"], ["0.4447535393389652867641494", "0.000005514260880313254473012442", "0.5149136550983168725011744", "0.0403272606897410463162744", "3.061209648116392875064519e-8"], ["0.4467984585381404949076947", "0.000004579943800727893143604615", "0.5124418233674178352289855", "0.04075511485423496406619823", "2.329640597790397798246201e-8"], ["0.4487629682767084724026686", "0.00000380930382876007787938703", "0.5101146508764246221665187", "0.04111855381635855856201202", "1.7726679586790921315756e-8"], ["0.451272531300378203102589", "0.000003156099603762802932784426", "0.5072836736915811880729728", "0.04144062545317710744892925", "1.345525973857257618999028e-8"], ["0.4544339185975293777356622", "0.000002589344754611619540043269", "0.5040535536400306089591226", "0.04150992828574822331545422", "1.013193717837022090435517e-8"], ["0.4583030907472161547935262", "0.000002089670111419987384726104", "0.500650363243098929264836", "0.04104444882151640051936167", "7.51805709543489136907824e-9"], ["0.4630059407033308768693797", "0.000001641612094309932318938026", "0.4973628558792038603825688", "0.03962955636657873662340308", "5.438792216192329436582523e-9"], ["nan", "nan", "nan", "nan", "nan"], ["nan", "nan", "nan", "nan", "nan"], ["nan", "nan", "nan", "nan", "nan"], ["nan", "nan", "nan", "nan", "nan"], ["nan", "nan", "nan", "nan", "nan"], ["nan", "nan", "nan", "nan", "nan"]], "conversion": 0.01, "metals": "", "site": "step", "R_ode": [], "prefix": "site=step-Tg=473.0K-Tv=3000.0K-P=1.0atm-dist=Treanor-nlevels=1-alpha=True", "ENs": [1.0, 0.9789915966386554, 0.957983193277311, 0.9369747899159664, 0.9159663865546218, 0.8949579831932772, 0.8739495798319328, 0.8529411764705882, 0.8319327731092436, 0.8109243697478992, 0.7899159663865546, 0.76890756302521, 0.7478991596638656, 0.726890756302521, 0.7058823529411764, 0.6848739495798319, 0.6638655462184874, 0.6428571428571428, 0.6218487394957983, 0.6008403361344538, 0.5798319327731092, 0.5588235294117647, 0.5378151260504201, 0.5168067226890756, 0.4957983193277311, 0.47478991596638653, 0.45378151260504196, 0.4327731092436974, 0.4117647058823529, 0.39075630252100835, 0.3697478991596638, 0.3487394957983193, 0.32773109243697474, 0.30672268907563016, 0.2857142857142857, 0.2647058823529411, 0.24369747899159655, 0.2226890756302521, 0.2016806722689075, 0.18067226890756294, 0.15966386554621836, 0.1386554621848739, 0.11764705882352933, 0.09663865546218475, 0.07563025210084029, 0.054621848739495715, 0.03361344537815114, 0.012605042016806678, -0.008403361344537785, -0.02941176470588247, -0.050420168067226934, -0.07142857142857162, -0.09243697478991608, -0.11344537815126055, -0.13445378151260523, -0.1554621848739497, -0.17647058823529416, -0.19747899159663884, -0.2184873949579833, -0.23949579831932777, -0.26050420168067245, -0.2815126050420169, -0.3025210084033614, -0.32352941176470607, -0.34453781512605053, -0.365546218487395, -0.3865546218487397, -0.40756302521008414, -0.4285714285714286, -0.4495798319327733, -0.47058823529411775, -0.4915966386554622, -0.5126050420168069, -0.5336134453781514, -0.5546218487394958, -0.5756302521008405, -0.596638655462185, -0.6176470588235294, -0.6386554621848741, -0.6596638655462186, -0.6806722689075633, -0.7016806722689077, -0.7226890756302522, -0.7436974789915969, -0.7647058823529413, -0.7857142857142858, -0.8067226890756305, -0.827731092436975, -0.8487394957983194, -0.8697478991596641, -0.8907563025210086, -0.911764705882353, -0.9327731092436977, -0.9537815126050422, -0.9747899159663866, -0.9957983193277313, -1.0168067226890756, -1.0378151260504205, -1.058823529411765, -1.0798319327731094, -1.1008403361344539, -1.1218487394957983, -1.1428571428571432, -1.1638655462184877, -1.1848739495798322, -1.2058823529411766, -1.226890756302521, -1.2478991596638656, -1.2689075630252105, -1.289915966386555, -1.3109243697478994, -1.3319327731092439, -1.3529411764705883, -1.3739495798319328, -1.3949579831932777, -1.4159663865546221, -1.4369747899159666, -1.457983193277311, -1.4789915966386555, -1.5], "N2_frac": 0.25, "T": 473.0}