{"Evib": 0.0, "p0": 1.0, "theta_ode": [], "R_steadystate": [2.5746800453620668e-40, 5.812924504915913e-40, 1.3123996265368727e-39, 2.9630399952338691e-39, 6.6897352268550138e-39, 1.5103595455142874e-38, 3.4099794377038863e-38, 7.6988024474673908e-38, 1.7381793705191645e-37, 3.924334394488959e-37, 8.8600754910353311e-37, 2.000363114239555e-36, 4.5162736963736236e-36, 1.0196512800761539e-35, 2.3020941662427154e-35, 5.1975000216037685e-35, 1.1734535828510738e-34, 2.6493377688655029e-34, 5.9814812583987362e-34, 1.3504551387960438e-33, 3.0489589502152354e-33, 6.883716765202248e-33, 1.5541552796644687e-32, 3.5088582453225788e-32, 7.922043790941294e-32, 1.788581168566831e-31, 4.0381278866701252e-31, 9.1169901064476311e-31, 2.0583674131034028e-30, 4.6472315440856772e-30, 1.0492179791610094e-29, 2.3688476754115303e-29, 5.3482111360675511e-29, 1.2074800093542163e-28, 2.7261600536966391e-28, 6.1549246764177093e-28, 1.3896138159637016e-27, 3.1373681732544252e-27, 7.0833193620855411e-27, 1.5992196562132103e-26, 3.6105998022974181e-26, 8.1517433249212993e-26, 1.840439303266379e-25, 4.1552034267963302e-25, 9.3812943301094802e-25, 2.1180331306104687e-24, 4.7819166718554849e-24, 1.0796180827895752e-23, 2.4374550610338368e-23, 5.5030130477095931e-23, 1.242397636320109e-22, 2.8048836744597372e-22, 6.3322819947182171e-22, 1.4295265498036775e-21, 3.2270363428642653e-21, 7.2842460577213179e-21, 1.6440630774969668e-20, 3.7100617127414709e-20, 8.3701950973935654e-20, 1.8876676230466958e-19, 4.2546644591335971e-19, 9.5813038903317561e-19, 2.1547913277549421e-18, 4.8362201793638802e-18, 1.0821087736900835e-17, 2.4099675371820315e-17, 5.3295994544456652e-17, 1.1662456420256783e-16, 2.5122632844216455e-16, 5.2887019107935718e-16, 1.0772461837005725e-15, 2.0960633477565354e-15, 3.8379130471020448e-15, 6.5120326788402961e-15, 1.0111503844088696e-14, 1.4277319107268265e-14, 1.8366323912100805e-14, 2.1727010283668501e-14, 2.3966536802865411e-14, 2.5022385180765921e-14, 2.5062706145631338e-14, 2.4345593444115326e-14, 2.3121962946762952e-14, 2.1593977834537873e-14, 1.9908908893482237e-14, 1.8167976731582619e-14, 1.643838369966531e-14, 1.4763736387044564e-14, 1.3171717731961068e-14, 1.167929907720556e-14, 1.029614107978534e-14, 9.0267848247724478e-15, 7.8720813712818387e-15, 6.8301601996294567e-15, 5.8971243764888589e-15, 5.0675830959714503e-15, 4.3350829070551993e-15, 3.6924692102172617e-15, 3.1321929040482784e-15, 2.6465685953380689e-15, 2.2279872457324489e-15, 1.869085308315622e-15, 1.5628728888668841e-15, 1.3028243805541503e-15, 1.0829358774417315e-15, 8.9775423308504279e-16, 7.4238281499611933e-16, 6.1246882086858386e-16, 5.0417651048249926e-16, 4.1414990638176344e-16, 3.3946743146358014e-16, 2.7758954162616677e-16, 2.2629864314047888e-16, 1.836287574967207e-16, 1.4778251518843863e-16, 1.1704366132722966e-16, 8.9742284934024493e-17, 6.4473539236242529e-17, 3.4018987709895136e-17, NaN], "R_sabatier": [5.2395805310702319e-40, 1.1829542128702356e-39, 2.6707875973071506e-39, 6.0299091142526489e-39, 1.3613888263824247e-38, 3.0736442315824163e-38, 6.9394493911368257e-38, 1.5667381851593237e-37, 3.5372670113733694e-37, 7.9861830319007023e-37, 1.8030620593229371e-36, 4.0708217890619554e-36, 9.1908040284117189e-36, 2.0750325871704398e-35, 4.6848569771574973e-35, 1.0577127815785399e-34, 2.3880266436509083e-34, 5.3915120910952659e-34, 1.2172562105079836e-33, 2.7482321415312859e-33, 6.2047577482425246e-33, 1.4008648735519065e-32, 3.1627703668325296e-32, 7.1406718679089833e-32, 1.6121687258696705e-31, 3.6398367671154907e-31, 8.2177575328530311e-31, 1.855345258306221e-30, 4.1888629760097491e-30, 9.4573087964252258e-30, 2.1352020866565052e-29, 4.8207032772215138e-29, 1.0883831667383113e-28, 2.4572719985413576e-28, 5.5478491944255989e-28, 1.2525528595270933e-27, 2.8279223369768556e-27, 6.3846764494968173e-27, 1.4414856034673665e-26, 3.2544808831580923e-26, 7.3477291714631462e-26, 1.6589166111426154e-25, 3.7453807271681666e-25, 8.4560469750077641e-25, 1.909144507656001e-24, 4.310326990715101e-24, 9.7315413748842329e-24, 2.197116314726989e-23, 4.960488698016727e-23, 1.1199428977982637e-22, 2.5285252536312194e-22, 5.7087195881325003e-22, 1.2888730017280189e-21, 2.9099233005536955e-21, 6.5698122342175009e-21, 1.483284208372793e-20, 3.3488507195824767e-20, 7.5607904936513826e-20, 1.7070200398785144e-19, 3.8539851342179003e-19, 8.7012460708016327e-19, 1.9645037681237765e-18, 4.4353130845510498e-18, 1.0013725846287318e-17, 2.2608258630912847e-17, 5.1043274618083964e-17, 1.1524177630269596e-16, 2.6018446317892111e-16, 5.8742547235554615e-16, 1.3262463152338405e-15, 2.9943020373599442e-15, 6.7603163816195133e-15, 1.5262948429841376e-14, 3.445956988128214e-14, 7.7800299323642326e-14, 1.7565183186271184e-13, 3.9657387317211089e-13, 8.9535551787270889e-13, 2.0214682751861363e-12, 4.5639233868718332e-12, 1.0304092790829439e-11, 2.3263827904612319e-11, 5.2523371029528135e-11, 1.1858342984726691e-10, 2.6772900441664502e-10, 6.0445898637143953e-10, 1.3647033387409776e-09, 3.0811274954332447e-09, 6.9563445575453043e-09, 1.5705526523979994e-08, 3.5458790368267353e-08, 8.0056266337901902e-08, 1.8074518937060743e-07, 4.0807328364187826e-07, 9.2131804670506673e-07, 2.0800845760080978e-06, 4.696262988465876e-06, 1.0602879474814782e-05, 2.393840665089573e-05, 5.4046385639374469e-05, 0.00012202198096466413, 0.00027549231391513191, 0.00053762475862990954, 0.00049660088559634087, 0.00045870737092454708, 0.00042370535019855475, 0.00039137418573639832, 0.00036151007578509532, 0.00033392476984204703, 0.00030844438200485852, 0.00028490829486941589, 0.00026316814706684919, 0.00024308689805729264, 0.00022453796428526893, 0.00020740442125140616, 0.00019157826647069675, 0.00017695973867128185, 0.00016345668894231254, 0.00015098399986685838, 0.00013946304897831841], "theta_steadystate": [["5.374899465682628458691559e-18", "0.2936199138254644978549693", "4.188181206245841165186683e-14", "5.171934061263942458480907e-15", "0.7063800861744884430240076"], ["8.999388768349827338781637e-18", "0.2936199138254578245821676", "6.325569009459654217492129e-14", "6.522020805641608678971651e-15", "0.7063800861744723887075434"], ["1.506800242888157380732904e-17", "0.2936199138254478443348835", "9.553746918534668770462198e-14", "8.224535519083231382596598e-15", "0.7063800861744483785924096"], ["2.522890198890794771837199e-17", "0.2936199138254328951180707", "1.442938651794199303419591e-13", "1.037147634459376301670301e-14", "0.7063800861744124143115033"], ["4.224166398765004559767456e-17", "0.2936199138254104734123075", "2.179325002635679625236595e-13", "1.307885671073810497655016e-14", "0.7063800861743584729890542"], ["7.072674733248307799339082e-17", "0.2936199138253768064163408", "3.291517252800182166363169e-13", "1.649297430535800002488312e-14", "0.7063800861742774781573265"], ["1.184203536511977072845035e-16", "0.2936199138253262064115565", "4.971303413845028285320132e-13", "2.079831650834190111972036e-14", "0.706380086174155746510197"], ["1.982754854107770718588519e-16", "0.2936199138252500961523803", "7.508348197622313029786117e-13", "2.62275294663256089196257e-14", "0.7063800861739726432229057"], ["3.319798235924001578888918e-16", "0.2936199138251355375049647", "1.134014321067721324994228e-12", "3.307398950443851825378409e-14", "0.7063800861736970422046396"], ["5.558458376439741595798077e-16", "0.2936199138249630099451739", "1.7127448628363575057188e-12", "4.170765619171143221458559e-14", "0.7063800861732819816899604"], ["9.306728098192605586236949e-16", "0.2936199138247030562165842", "2.586823561813106679197945e-12", "5.259506370624110177666243e-14", "0.7063800861726565944850866"], ["1.558259179573573784346541e-15", "0.2936199138243112171289209", "3.906977790531425142248468e-12", "6.632453076593770801460328e-14", "0.7063800861717139222906022"], ["2.609049759598343557085039e-15", "0.2936199138237203824421327", "5.900856819549185680375871e-12", "8.363795138433928450048392e-14", "0.7063800861702925137371742"], ["4.368426470567028920503224e-15", "0.2936199138228292391120769", "8.912287981050595553788025e-12", "1.054708843165246586825827e-13", "0.7063800861681486335960854"], ["7.314214594227960903847964e-15", "0.2936199138214848249430553", "1.346056674242847266649998e-11", "1.330031074933219589935198e-13", "0.7063800861649142909924287"], ["1.224645429898888960112305e-14", "0.293619913819456178675526", "2.033000475435599119260708e-11", "1.677223692346279153313985e-13", "0.7063800861600338477465844"], ["2.050468180343660373297554e-14", "0.2936199138163945411312389", "3.070517766595304385200942e-11", "2.115047811419776174980872e-13", "0.7063800861526682717398626"], ["3.43317310948250670507928e-14", "0.293619913811773240914323", "4.637519503239289143934842e-11", "2.667161968306038680975323e-13", "0.7063800861415505161253586"], ["5.748286031731429645349684e-14", "0.2936199138047968914070172", "7.004221690793044075498845e-11", "3.363400546650436311247321e-13", "0.70638008612476706877007"], ["9.62456341363432109090897e-14", "0.2936199137942642275731264", "1.057874181637706252237338e-10", "4.241385926875742722406774e-13", "0.706380086099427970036279"], ["1.611475497044332525494373e-13", "0.2936199137783609058674849", "1.597747520793374192329042e-10", "5.348561472491257226707193e-13", "0.7063800860611683383562242"], ["2.698151766368727564153267e-13", "0.2936199137543464947302742", "2.4131387119958183433407e-10", "6.744755209130388642482096e-13", "0.7063800860033953433725941"], ["4.517613185808625484438486e-13", "0.2936199137180816055423591", "3.644654970391272596253356e-10", "8.505412728855575687915191e-13", "0.7063800859161505948270473"], ["7.564003311338104301567531e-13", "0.293619913663313493711788", "5.504660708614798206342753e-10", "1.072567401492793160110576e-12", "0.7063800857843914676941055"], ["1.266468458791844114284262e-12", "0.2936199135805967187674135", "8.313897957487643206762953e-10", "1.352551448482483187628666e-12", "0.7063800855853944655765479"], ["2.120493990899955901483774e-12", "0.2936199134556623677482835", "1.255679557677460838052319e-9", "1.705622805599814469149123e-12", "0.7063800852848319577777559"], ["3.55041985708481781482619e-12", "0.2936199132669539968700253", "1.896500485439038830616427e-9", "2.150860255714689214386122e-12", "0.7063800848308442375781364"], ["5.944596500410862663259044e-12", "0.2936199129819043189591614", "2.864356649034688285496584e-9", "2.712322925623780102527835e-12", "0.7063800841450821125801157"], ["9.953253124320744364384264e-12", "0.2936199125513087854557213", "4.326146537686168469263509e-9", "3.420350359662558857484147e-12", "0.7063800831091710733741269"], ["1.666509201688677847690961e-11", "0.293619911900822810428699", "6.533943270585889921177247e-9", "4.313201965577966007034289e-12", "0.7063800815442556250029463"], ["2.790296681377886125807778e-11", "0.293619910918111322318506", "9.868462439499999781469739e-9", "5.439124422520054833247547e-12", "0.7063800791800841469451953"], ["4.671894729959219148009996e-11", "0.2936199094334261590175188", "1.490471323675838259909743e-8", "6.85895876640518719475123e-12", "0.7063800756082826981581012"], ["7.822322427971673234679625e-11", "0.2936199071902477253529355", "2.25111538355701125806508e-8", "8.64942802980035751979312e-12", "0.7063800702117257867674348"], ["1.309719748947100591192256e-10", "0.293619903800904307043244", "3.399944950170534809897139e-8", "1.090728308749846005009184e-11", "0.7063800620577669332691994"], ["2.19291115453005910144144e-10", "0.2936198986794757245994085", "5.135065790245485937836099e-8", "1.375453073187422221923825e-11", "0.706380049736820726760852"], ["3.671670441448217407681243e-10", "0.2936198909403436961410262", "7.755684524757033135078445e-8", "1.734502647907402087068875e-11", "0.7063800311182989856647467"], ["6.14761050446630527764784e-10", "0.2936198792447818089272148", "0.0000001171370418492149622678864", "2.187278834666071140714874e-11", "0.7063800029815425030645316"], ["1.029316621618404080846729e-9", "0.2936198615689416276700568", "0.0000001769165087868437680772468", "2.758248082762233465947583e-11", "0.7063799604576504830401487"], ["1.72342192816171226452163e-9", "0.2936198348529092595823582", "0.0000002672036925599007681354377", "3.478263553436780665119321e-11", "0.7063798961851936168207936"], ["2.885587332249382183791543e-9", "0.2936197944697846618506903", "0.0000004035678212502009239288371", "4.386232282598604666195572e-11", "0.7063797990329444328730176"], ["4.831442335720150889730585e-9", "0.293619733422342900777286", "0.0000006095236683523606173153893", "5.531217513376440928537615e-11", "0.7063796521672342360081814"], ["8.08945627751870454818491e-9", "0.2936196411272622404331015", "0.0000009205864372261429882296625", "6.975089770265652249757708e-11", "0.7063794301270933582025492"], ["1.354446307881251593733713e-8", "0.2936195015747829574195272", "0.000001390395969849094120435433", "8.795869870456753289110007e-11", "0.7063790943968254159692689"], ["2.267796859754451872359566e-8", "0.293619290542286778721533", "0.000002099966286892142472092373", "1.109194440380596033639649e-10", "0.7063785867025382875534166"], ["3.797050258198603843044754e-8", "0.2936189713743495943962974", "0.000003171655325263995731741194", "1.398738125489551089773297e-10", "0.7063778188599487470729773"], ["6.357528262364959754372071e-8", "0.2936184885899569109985474", "0.000004790263519724799228446441", "1.763863198592420177324321e-10", "0.7063766573948544206933846"], ["0.0000001064461325852101474264015", "0.2936177581951084544339983", "0.000007234898778087975254107423", "2.224298246349565451564393e-10", "0.7063749002375510477456436"], ["0.0000001782259427080770554489358", "0.2936166529979671355858582", "0.00001092710104495962713500122", "2.804920686106189819532969e-10", "0.7063722413945531280993324"], ["0.0000002984084484065723682821443", "0.2936149803404411860031745", "0.00001650352135451622821541893", "3.537099785405661915959582e-10", "0.7063682173760459126556756"], ["0.0000004996317600809963892942162", "0.2936124483167735976391728", "0.00002492567962817241144416461", "4.460389320550559633295462e-10", "0.7063621259257992168979377"], ["0.0000008365406214045442992110589", "0.2936086145057253898746131", "0.00003764570826453002120758769", "5.624660283006184881300523e-10", "0.7063529026829226472592616"], ["0.000001400622549431779643261478", "0.2936028081314570540957652", "0.00005685661736339603393555273", "7.092786855716501472343694e-10", "0.7063389339193514325190059"], ["0.000002345042783401818549912651", "0.2935940118302376013167488", "0.00008587013407162536461526657", "8.944026929272259098886443e-10", "0.7063177720985046785728601"], ["0.000003926211765054290298657579", "0.2935806819846940741335977", "0.000129687033741931785740992", "1.12782724159476769588234e-9", "0.706285703641971698195595"], ["0.000006573346045687214894000735", "0.2935604756019006858480503", "0.0001958577671409315422291847", "1.42213848309912001549e-9", "0.7062370918627742122957065"], ["0.00001100484250699812313807121", "0.2935298350006232377271877", "0.0002957805426048351537154105", "1.793187723877934573662284e-9", "0.7061633778210772051180243"], ["0.00001842288860593475689982383", "0.293483356197920366748558", "0.0004466578408519068288399118", "2.26092514609013851834743e-9", "0.7060515608116966455755637"], ["0.00003083869667006609711174504", "0.2934128284809364221280126", "0.000674442171032808558861131", "2.850434106082539510188034e-9", "0.705881887800926597133475"], ["0.00005161550718436462168915341", "0.2933057748567871568129669", "0.001018263948750618681884794", "3.593202740812699096134019e-9", "0.7056243420940751190707601"], ["0.00008637382103107459342133762", "0.2931432369347098869635409", "0.001537070429911491430554173", "4.528664921370247403718823e-9", "0.7052333142856826256422362"], ["0.0001444970520774279077711127", "0.2928964214543933775252085", "0.002319541187892777079344643", "5.706023754146482090486396e-9", "0.7046395345996126633411937"], ["0.0002416270752393702292733007", "0.292521645362789479323339", "0.003498808436550059004654247", "7.186322744410059464040426e-9", "0.703737911939098347032674"], ["0.0004037781922902867746477885", "0.2919527711609815310896216", "0.005274106482132736109919263", "9.044623907418387930510307e-9", "0.7023693351199715386074234"], ["0.0006740626176419218091368995", "0.2910900207152780048162152", "0.007942143750012658306862901", "1.137193656821815400247626e-8", "0.700293761545130846849631"], ["0.001123542822266681365418482", "0.2897837551966494685274703", "0.0119414921308949981039088", "1.427612520474412797004926e-8", "0.6971511955740636472590744"], ["0.001868386527480154475599346", "0.2878117136804742352110418", "0.01791295193600756764218352", "1.788026611391374552800435e-8", "0.6924069299757719287574298"], ["0.003096102830898982117522791", "0.2848488344641588071817521", "0.02677609723458899679009522", "2.231563041738221710457361e-8", "0.6852789431547227965284128"], ["0.005103522905200210355611656", "0.2804312904821738080842052", "0.03981378204486314047497685", "2.770450433571473884394242e-8", "0.6746513768632585053704674"], ["0.00834669583108919351885756", "0.2739228877822479599311028", "0.05873668338056680263243202", "3.412568959590037566784997e-8", "0.658993698880406448017232"], ["0.01349470877430514279669688", "0.2645054243367346941577709", "0.08566231674288317133215719", "4.155438871651571112390797e-8", "0.6363375085916882751976639"], ["0.02146117096673904529393651", "0.2512359665242349151781893", "0.1228884820752138726606323", "4.977294387233997253090245e-8", "0.6044143306608682945272693"], ["0.03335839096879775246385118", "0.2332334435720351207233943", "0.1723035900528104062065161", "5.826819178381806483089708e-8", "0.5611045171381649367881735"], ["0.05029877617020777698059997", "0.2100392603590571314789506", "0.2343571007021480947989199", "6.617141131151137842222839e-8", "0.5053047965971756852301511"], ["0.07300878124389832398922884", "0.1820855543442259751338136", "0.3068508024874420356397063", "7.233935138275314747466635e-8", "0.4380547895850822824841038"], ["0.1013751824884436667659121", "0.1510043210232163850616653", "0.3843397294580094749384167", "7.565152608859207604896372e-8", "0.3632806913788043846419299"], ["0.1342313836336894160898487", "0.1194178161288995559964122", "0.459059695554356812982531", "7.544433654292727798798771e-8", "0.2872910292387176720039301"], ["0.1696480271701566491264567", "0.09014075751311893740750816", "0.5233537947271848177508251", "7.181380251182203456472027e-8", "0.2168573487757370838931755"], ["0.205610192269144070590403", "0.06524907524661909284313093", "0.572166820045604721872069", "6.555265426238379528440417e-8", "0.1569738468859778523106017"], ["0.2406324848504612723384108", "0.04560802955611421005374976", "0.6040372927282872966341434", "5.778118314143448142822316e-8", "0.1097221350839540795392146"], ["0.2739825651340358491842003", "0.0310146806006911699042399", "0.6203887166179076245278852", "4.954976904147947090210618e-8", "0.07461398809759631490420372"], ["0.3055480498742293113135512", "0.02065766516531256808341356", "0.6240967854635927256723318", "4.16183401977488214950676e-8", "0.04969745787852519718188194"], ["0.3355696524755557998484149", "0.01355007589099732763899882", "0.6182819585329249597584431", "3.442503974575722472429972e-8", "0.03259827867548216699691843"], ["0.3644112754875057923147006", "0.008788367060436608949916121", "0.6056575961599178265446286", "2.815594518335410588708677e-8", "0.0211427331361945888366488"], ["0.3924214533596239991893824", "0.005652316278763766628971465", "0.5883280710503932397014958", "2.283587089708633922266783e-8", "0.01359813647534809739381114"], ["0.4198721861220629985450938", "0.003612003406977382584749701", "0.5678261659305812959701437", "1.840214616447383133178755e-8", "0.008689626138232158426181457"], ["0.4469445231500850496647384", "0.002296370697226938289569933", "0.5452345664791083130013513", "1.475337976422505317712618e-8", "0.005524524920199934819287169"], ["0.4737365083462334073505113", "0.001453726016668663874903046", "0.5213124327970898308875201", "1.177772171960188503217623e-8", "0.00349732106228637828518047"], ["0.5002791464190068377551355", "0.0009168862068155679961237492", "0.4965981465910205187187134", "9.367492756418370732465471e-9", "0.002205811415664319111656679"], ["0.5265534083944763812305424", "0.0005763718985747927165499246", "0.4714835977764897483664458", "7.425743186512064675871935e-9", "0.001386614504715891174397207"], ["0.552505458322023001922805", "0.0003612054319867818529925834", "0.4462643555153173263050645", "5.868412054911611431761297e-9", "0.0008689748622608350075264528"], ["0.5780592950361480328766686", "0.0002257082417136130004545913", "0.4211719914370685173922713", "4.624267469903999594135357e-9", "0.0005430006608023668266059197"], ["0.603126842205473438404805", "0.0001406504132702933826644281", "0.3963941321099078238307988", "3.633839501528430194290857e-9", "0.0003383716375089428533015783"], ["0.6276158001269299178552849", "0.00008741451395970658892542748", "0.3720864838597196948710979", "2.84798355242892435583311e-9", "0.0002102986514071282557674626"], ["0.651435617826976885546432", "0.00005418991842764501938573544", "0.3483798218976839775687325", "2.226391973980798938946697e-9", "0.0001303681305195178846507856"], ["0.6745019072583401306143379", "0.00003351100777170826863047886", "0.3253839604366738115454914", "1.736200271874254664793983e-9", "0.00008061956101407769728555309"], ["0.6967395678157761275080066", "0.0000206743601144824899375577", "0.3031900188513848089624911", "1.350745748972638427215535e-9", "0.00004973762197883206692634665"], ["0.71808484243426712365019", "0.00001272607955996438763410244", "0.2818718144993430153265119", "1.048492597975826382436182e-9", "0.00003061593833729865983763295"], ["0.7384864914692124651603671", "0.000007816613974376358349908623", "0.2614868861797135552180986", "8.121170035681551423458914e-10", "0.00001880492498259969502926813"], ["0.7579062457937383774845554", "0.000004791249290744631960169704", "0.2420774357163316229589597", "6.277372707833975448687952e-10", "0.0000115266129019841411271584"], ["0.7763186826319585302812266", "0.000002931098340799201977791936", "0.2236713342558797218525442", "4.842713245777174719379293e-10", "0.000007051529549624086533952862"], ["0.7937106533467982160801148", "0.000001789820421986259131793107", "0.2062832505751432418925527", "3.729040159294080149351081e-10", "0.000004305884732539838792692801"], ["0.8100803794015756016534242", "0.000001091018137344781050547102", "0.1899159045619712119412416", "2.866479588849706741689178e-10", "0.000002624731667882739313046152"], ["0.8254363196963543366127852", "0.0000006639624854793993866703762", "0.1745614187844296094071201", "2.199833472174209407737345e-10", "0.000001597336747227363287104879"], ["0.8397958989446300040485937", "0.0000004034492989632136504642815", "0.1602027268338877082228922", "1.685640001034084780771623e-10", "0.0000009706036193244114552038611"], ["0.853184172772543954252111", "0.0000002448001762637990314353723", "0.1468149933669578245676825", "1.289786048212174803138519e-10", "0.000000588931343352559957655054"], ["0.8656324911835558608559269", "0.0000001483383492895537451344401", "0.1343670035125402281432809", "9.855769802822020849991767e-11", "0.0000003568669969234188268625584"], ["0.8771772084524196628331264", "8.977451595035967590619967e-8", "0.1228224857215835500439928", "7.52183368553966673992442e-11", "0.0000002159762624999078081940049"], ["0.8878584748942130847660198", "5.42682240953302794326707e-8", "0.1121413402237018176656907", "5.733965729980974682701362e-11", "0.0000001305565213449382002456649"], ["0.8977191347020038180264675", "3.276872944585800861562191e-8", "0.1022807536517802043173064", "4.366360856522251139618309e-11", "7.883382292323299499550227e-8"], ["0.9068037444389185517015221", "1.976569640901894138108352e-8", "0.09319618821056602086259682", "3.321609946322118241535538e-11", "4.755160291895371853878214e-8"], ["0.9151577189695563346239937", "1.190962674568966134719417e-8", "0.08484224044381148202910535", "2.52446091296501928726642e-11", "2.865176082852758943554199e-8"], ["0.9228266057151718447260225", "7.16750286710217565160061e-9", "0.07717336985481887403535098", "1.916901180072458736416456e-11", "1.724333740233572627821199e-8"], ["0.9298554842275425638160214", "4.307027193953852456458948e-9", "0.0701445010891707661139422", "1.454295693717441668245986e-11", "1.036171651917900951851344e-8"], ["0.9362884864744256322463964", "2.582164080266744033221893e-9", "0.063711504720273214784889", "1.102364435813922372994907e-11", "6.212113428343831365579328e-9"], ["0.9421684346205833309663044", "1.541757011259086453486592e-9", "0.05783156012015843819961648", "8.348252411108688876555272e-12", "3.709152967163883977572736e-9"], ["0.9475365990861233754890313", "9.132718759101787171921304e-10", "0.05246339779710588169319294", "6.315629604518036318969464e-12", "2.19718323730307903526392e-9"], ["0.9524325936243981703334298", "5.323724976591295838247454e-10", "0.04756740455760663520726171", "4.77215974050120837428928e-12", "1.280850537059677729374434e-9"], ["0.9568944522403705720548002", "3.005112727786434585090807e-10", "0.04310554673244590253307627", "3.600951770733535506431581e-12", "7.230713008627465400108301e-10"], ["0.9609556060119841316049661", "1.688592308432361375310746e-10", "0.03904439341009539358386423", "2.720476156361818257304514e-12", "4.06340767811571765455445e-10"], ["nan", "nan", "nan", "nan", "nan"]], "conversion": 0.01, "metals": "", "site": "terrace", "R_ode": [], "prefix": "site=terrace-Tg=473.0K-Tv=3000.0K-P=1.0atm-dist=Treanor-nlevels=1-alpha=True", "ENs": [1.0, 0.9789915966386554, 0.957983193277311, 0.9369747899159664, 0.9159663865546218, 0.8949579831932772, 0.8739495798319328, 0.8529411764705882, 0.8319327731092436, 0.8109243697478992, 0.7899159663865546, 0.76890756302521, 0.7478991596638656, 0.726890756302521, 0.7058823529411764, 0.6848739495798319, 0.6638655462184874, 0.6428571428571428, 0.6218487394957983, 0.6008403361344538, 0.5798319327731092, 0.5588235294117647, 0.5378151260504201, 0.5168067226890756, 0.4957983193277311, 0.47478991596638653, 0.45378151260504196, 0.4327731092436974, 0.4117647058823529, 0.39075630252100835, 0.3697478991596638, 0.3487394957983193, 0.32773109243697474, 0.30672268907563016, 0.2857142857142857, 0.2647058823529411, 0.24369747899159655, 0.2226890756302521, 0.2016806722689075, 0.18067226890756294, 0.15966386554621836, 0.1386554621848739, 0.11764705882352933, 0.09663865546218475, 0.07563025210084029, 0.054621848739495715, 0.03361344537815114, 0.012605042016806678, -0.008403361344537785, -0.02941176470588247, -0.050420168067226934, -0.07142857142857162, -0.09243697478991608, -0.11344537815126055, -0.13445378151260523, -0.1554621848739497, -0.17647058823529416, -0.19747899159663884, -0.2184873949579833, -0.23949579831932777, -0.26050420168067245, -0.2815126050420169, -0.3025210084033614, -0.32352941176470607, -0.34453781512605053, -0.365546218487395, -0.3865546218487397, -0.40756302521008414, -0.4285714285714286, -0.4495798319327733, -0.47058823529411775, -0.4915966386554622, -0.5126050420168069, -0.5336134453781514, -0.5546218487394958, -0.5756302521008405, -0.596638655462185, -0.6176470588235294, -0.6386554621848741, -0.6596638655462186, -0.6806722689075633, -0.7016806722689077, -0.7226890756302522, -0.7436974789915969, -0.7647058823529413, -0.7857142857142858, -0.8067226890756305, -0.827731092436975, -0.8487394957983194, -0.8697478991596641, -0.8907563025210086, -0.911764705882353, -0.9327731092436977, -0.9537815126050422, -0.9747899159663866, -0.9957983193277313, -1.0168067226890756, -1.0378151260504205, -1.058823529411765, -1.0798319327731094, -1.1008403361344539, -1.1218487394957983, -1.1428571428571432, -1.1638655462184877, -1.1848739495798322, -1.2058823529411766, -1.226890756302521, -1.2478991596638656, -1.2689075630252105, -1.289915966386555, -1.3109243697478994, -1.3319327731092439, -1.3529411764705883, -1.3739495798319328, -1.3949579831932777, -1.4159663865546221, -1.4369747899159666, -1.457983193277311, -1.4789915966386555, -1.5], "N2_frac": 0.25, "T": 473.0}