{"Evib": 0.0, "p0": 1.0, "theta_ode": [], "R_steadystate": [1.2710100202296019e-13, 2.148639241544594e-13, 3.6176410609538575e-13, 6.0661074392344106e-13, 1.0129612399743794e-12, 1.6844160364565825e-12, 2.789045973690976e-12, 4.5982009973665155e-12, 7.5478394375409466e-12, 1.2334923562885327e-11, 2.0068101213484741e-11, 3.250193477072157e-11, 5.2398943723803662e-11, 8.4085992888008144e-11, 1.3430436219036625e-10, 2.1350080854909522e-10, 3.3777656180180454e-10, 5.3181147453744991e-10, 8.3322379731610571e-10, 1.2990289892507452e-09, 2.015145984756561e-09, 3.1102960120241115e-09, 4.7761859576965415e-09, 7.2966148517669359e-09, 1.1089150617632345e-08, 1.6764371710792058e-08, 2.5209447337206934e-08, 3.7705149025967393e-08, 5.6088367540796484e-08, 8.2975982893393432e-08, 1.2207062992356061e-07, 1.7857462573294691e-07, 2.5974513664730418e-07, 3.7563152280958244e-07, 5.4004449740035348e-07, 7.7181577128558552e-07, 1.0964152263885242e-06, 1.5479985441241404e-06, 2.1719583575960005e-06, 3.0280406775915692e-06, 4.1940555180547649e-06, 5.7701386997285939e-06, 7.8833800393081564e-06, 1.0692368909551841e-05, 1.4390734169926851e-05, 1.9207935150551807e-05, 2.5404202551891901e-05, 3.3254425345731473e-05, 4.3012876639443092e-05, 5.4847539457054133e-05, 6.8731669701950216e-05, 8.4286685713369318e-05, 0.00010059449353735159, 0.00011604921526181251, 0.00012839028459763767, 0.00013509198445527619, 0.00013416301657579962, 0.0001250792453072887, 0.00010925740610715886, 8.9618182704767366e-05, 6.9445478623620253e-05, 5.1282376664984997e-05, 3.6445688704000914e-05, 2.5170610159237637e-05, 1.7472995517438689e-05, 1.3497921202259649e-05, 1.0323132542770183e-05, 7.8098875798610398e-06, 5.8413984848631593e-06, 4.3185136932932833e-06, 3.1564415115649103e-06, 2.2825335052783707e-06, 1.6349358764261894e-06, 1.1617643249819376e-06, 8.2043552012147988e-07, 6.0887734943600788e-07, 4.5107155109496657e-07, 3.3108811087224727e-07, 2.4071031468287936e-07, 1.7331170188996257e-07, 1.2356635512448139e-07, 8.7225364292830379e-08, 6.093739967485872e-08, 4.2097402450913138e-08, 2.8714009165707009e-08, 1.9489694527022857e-08, 1.2943898327724382e-08, 8.3646296827348036e-09, 5.2518225899179266e-09, 3.2057620129809149e-09, 1.9085254029595472e-09, 1.1137969465670622e-09, 6.4062756809268438e-10, 3.6473083066129426e-10, 2.0603721315585911e-10, 1.1606871900058652e-10, 6.4796854090419273e-11, 3.6270503989262997e-11, 2.0417692282555121e-11, 1.1600487113858567e-11, 6.6790489961051734e-12, 3.9114983806938944e-12, 2.3341253436832639e-12, 1.4152919507717482e-12, 8.6382770544101489e-13, 5.3083477764075795e-13, 3.1671621914242458e-13, 1.7532209527927752e-13, 9.3902834522260898e-14, 5.4053248329266745e-14, 3.0550773012138789e-14, 1.7003785700348036e-14, 8.9543935996557112e-15, 4.5077117090451617e-15, NaN, NaN, NaN, NaN, NaN, NaN], "R_sabatier": [3.6009612632319468e-13, 6.35061622457677e-13, 1.1169187668497811e-12, 1.9589135842369896e-12, 3.4259115450654657e-12, 5.9742435594276976e-12, 1.0387567477991817e-11, 1.8007220800364075e-11, 3.1121365598727697e-11, 5.361995184534384e-11, 9.2092902368423954e-11, 1.5766433124491001e-10, 2.6904399600975116e-10, 4.5758325855594648e-10, 7.7561770990836947e-10, 1.3101748012311526e-09, 2.2053992378698459e-09, 3.6990780796885613e-09, 6.1818610086583393e-09, 1.0292831972591117e-08, 1.70730124692961e-08, 2.8210710562805732e-08, 4.6431709765656333e-08, 7.6116621080282875e-08, 1.24272509306791e-07, 2.0205383352302214e-07, 3.2713003968775277e-07, 5.2735006749057496e-07, 8.4638088713097001e-07, 1.3523310140843003e-06, 2.1508571001469668e-06, 3.4049563436581782e-06, 5.3646572982094081e-06, 8.4112547783384086e-06, 1.31227474104036e-05, 2.0369932456012253e-05, 3.1456451049037941e-05, 4.8321280082301773e-05, 7.3829123331930878e-05, 0.00011218331580259621, 0.00016950772143196313, 0.00025465918952976993, 0.00038035090902437623, 0.00056468979084352581, 0.00083325786488387048, 0.001221898167116575, 0.0010489371784867172, 0.00088419007232144015, 0.00074531830888067627, 0.00062825788135609348, 0.00052958307985056662, 0.00044640623983680552, 0.00037629323622172055, 0.00031719224999628051, 0.0002673737228654853, 0.00022537974266328276, 0.00018998137834406111, 0.00016014271598238471, 0.00013499054331403857, 0.00011378879565289512, 9.5917015357251898e-05, 8.0852194473589052e-05, 6.8153469192583423e-05, 5.7449218208934407e-05, 4.8426187425495236e-05, 4.0820322742085714e-05, 3.44090426555191e-05, 2.9004724532681076e-05, 2.4449213935970226e-05, 2.0609196319492908e-05, 1.7372295651211821e-05, 1.4643785789340331e-05, 1.2343818373199619e-05, 1.0405086104267877e-05, 8.7708530346080475e-06, 7.3932942201352413e-06, 6.2320961495768848e-06, 5.2532769914383711e-06, 4.4281921341424462e-06, 3.7326959170131305e-06, 3.1464350206169708e-06, 2.6522528379131726e-06, 2.2356873954572163e-06, 1.8845481315947854e-06, 1.5885591462893589e-06, 1.3390584824830483e-06, 1.1287446386231008e-06, 9.5146289418060001e-07, 8.0202519509357324e-07, 6.7605832817983558e-07, 5.6987594142599109e-07, 4.8037066489589879e-07, 4.0492317523549536e-07, 3.4132554259600608e-07, 2.8771661676489922e-07, 2.4252756161474717e-07, 2.0443594396516365e-07, 1.7232703329329809e-07, 1.4526117974992722e-07, 1.2244631581643689e-07, 1.0321477687865196e-07, 8.7003762384166089e-08, 7.333886578953723e-08, 6.182019131019339e-08, 5.2110651187274829e-08, 4.392610099726515e-08, 3.7027024319609995e-08, 3.1211523418624129e-08, 2.6309410815802309e-08, 2.2177228845600787e-08, 1.8694051444692253e-08, 1.5757945316333811e-08, 1.3282986907745335e-08, 1.1196747903957434e-08, 9.4381756524710255e-09, 7.9558064905090485e-09, 6.7062596888471882e-09, 5.6529679383113241e-09, 4.7651072273148549e-09, 4.0166947938839721e-09], "theta_steadystate": [["9.691270329988433179033798e-12", "0.404393799982839481081543", "2.961421259495027274003404e-14", "1.184618063272160851509959e-9", "0.5956061988228215711037127"], ["1.611233669000800136718819e-11", "0.4168668026336495452826859", "5.73485273754161596834386e-14", "1.596501609542624142779733e-9", "0.5831331957536791599573066"], ["2.669713453957484369953e-11", "0.4294471305803761330776745", "1.107836475711132300520191e-13", "2.150205369963278606713432e-9", "0.5705528672426105787719009"], ["4.408355497672871296109064e-11", "0.4421192664999487888680461", "2.13429563722749912637866e-13", "2.894062228397110510780293e-9", "0.5578807305616919981943919"], ["7.253904876551743667476392e-11", "0.4548672204925293815593882", "4.099873631964498121245683e-13", "3.89270284715233631143836e-9", "0.5451327755418187351595616"], ["1.189399506254855394459642e-10", "0.4676746084622144907731863", "7.851424185581793807130123e-13", "5.232492210927538138775144e-9", "0.5323253861855682052552318"], ["1.943218253121961713947976e-10", "0.480524734812889496409254", "1.498733293541596730724306e-12", "7.028760323577357979283224e-9", "0.5194752579625296214076502"], ["3.163228256153887168457684e-10", "0.49340067859026923450438", "2.851297621044290764740543e-12", "9.43541304595401959545665e-9", "0.5065993116551435963051674"], ["5.130169456069136485388956e-10", "0.5062853821357785065575156", "5.405725907131355989763725e-12", "1.26576985946403063554582e-8", "0.493714604688100227288133"], ["8.288999946733706102223716e-10", "0.5191617412695548463763049", "1.021209763575780308745355e-11", "1.696915551243742917009151e-8", "0.4808382409221775488771375"], ["1.334193245756685245430203e-9", "0.5320126959898044108811581", "1.922142656823023760296676e-11", "2.273409829798945193113117e-8", "0.4679872799226826188044745"], ["2.139234282750590466498283e-9", "0.5448213206648269982792692", "3.604370309135196166061269e-11", "3.043743277590016098839377e-8", "0.4551786467224622399786274"], ["3.41662817951849100091634e-9", "0.5575709127023794312572673", "6.733054929626491515975139e-11", "4.072416815650018348161912e-8", "0.4424290430894936834277933"], ["5.435174601862286749547046e-9", "0.5702450787082296581489141", "1.252857209406128621091656e-10", "5.445175057518830575912321e-8", "0.4297548612795594438598805"], ["8.61156863525499760865882e-9", "0.5828278171906348586083531", "2.322024284465244701417319e-10", "7.275934156210132687135724e-8", "0.4171721012062525155887979"], ["1.358878161114791384464625e-8", "0.5953035969282738280339354", "4.286253256595675998218834e-10", "9.715948040579324957096223e-8", "0.4046962918948388293653335"], ["2.135426836288899428269318e-8", "0.6076574301934172945018961", "7.879626768968422001572491e-10", "0.0000001296593016461769824206365", "0.392342418005050019535285"], ["3.341728835734295161696884e-8", "0.6198749401066656856340974", "1.442519054120392168896528e-9", "0.0000001729207592055955104305498", "0.3801248521127676973070484"], ["5.207346257711620713206557e-8", "0.6319424214905007242494828", "2.629645408956751667421768e-9", "0.000000230472309308091869430473", "0.368057293334081981585689"], ["8.079731038335379038902779e-8", "0.6438468946813153037565389", "4.773141237050432956602911e-9", "0.0000003069884516611727877931187", "0.3561527127597814146664499"], ["0.0000001248214197748170407257706", "0.6555761518475131877619632", "8.626101312301024808758962e-9", "0.0000004086587194585381944715128", "0.3444233060462462665817768"], ["0.0000001919861360772378123001516", "0.6671187954369755247632465", "1.55202801442935773731188e-8", "0.0000005436745334688942840320101", "0.3328804533820747848110798"], ["0.0000002939789499783722511853275", "0.6784642684305303579978873", "2.779909032399601839580787e-8", "0.000000722871305292469491165485", "0.3215346869201240471643519"], ["0.000000448131790093234265994372", "0.6896028760950421688713018", "4.956539535250672359155253e-8", "0.0000009605749606453822052763441", "0.3103956656328117400055034"], ["0.0000006800120393021702285301941", "0.7005257988904417179330932", "8.796583141761364954211989e-8", "0.00000127571753483041582110956", "0.2994721574141527318672076"], ["0.00000102713570814772591406158", "0.7112250960601207088796505", "0.0000001553841982120867473544787", "0.000001693306822061621259019386", "0.288772028113150869686429"], ["0.000001544257226392403119634359", "0.7216936991796354033519159", "0.0000002731658713888918199958696", "0.000002246361747808128693866658", "0.2783022370355190072244506"], ["0.000002310860773633563318123563", "0.7319253944874617032414749", "0.0000004779048484515067991858535", "0.000002978460154763849824444812", "0.2680688382867614478385834"], ["0.000003441707401445274399537421", "0.7419147920705553434027784", "0.0000008319931411500398180758455", "0.00000394709163164492042487102", "0.2580769871372704163625792"], ["0.000005101599414481165467264005", "0.7516572787677893503906417", "0.000001441213861608278559657194", "0.000005228068241401164193981165", "0.2483309503506931590011374"], ["0.000007525933835173077871200991", "0.7611489497412201206781824", "0.000002483897273470713510591722", "0.000006921324911635801069664488", "0.2388341191027595997293661"], ["0.00001104916429345762272813911", "0.770386510672735873422105", "0.000004258929687333362630264254", "0.000009158544530025864585945256", "0.2295890226887533097279507"], ["0.0000161440219712004383463625", "0.7793671378979455988676741", "0.000007264286134550149304213836", "0.00001211317778699897271564362", "0.2205973406161616515719597"], ["0.00002347532639932332547870039", "0.7880882766196313974610391", "0.00001232462661854129453798931", "0.00001601360391703877306974847", "0.2118599098234336991458745"], ["0.00003397353860157525461147407", "0.7965473463412958589007231", "0.00002079716921978925172882553", "0.00002116040754122828456982486", "0.2033767225433415483083667"], ["0.00004893500612044602547560303", "0.8047413058817426189734826", "0.00003490148218252325001258084", "0.0000279490433680265731828471", "0.1951469085865863851778464"], ["0.00007015831680625006773071109", "0.8126660049193128164801903", "0.00005824386846456294240838821", "0.0000368995417671661908228295", "0.1871686933536492043188477"], ["0.0001001295999490696269123769", "0.8203152108480224427276531", "0.00009664473201850432994862619", "0.00004869539300379889789484287", "0.1794393194270061844175911"], ["0.000142274398835210943948062", "0.8276791429831050462844724", "0.00015943343723502532063039", "0.00006423435350448096892387425", "0.1719549148273202364820252"], ["0.0002013004639684694516037092", "0.8347422628366262727562924", "0.0002614574809111832505017795", "0.00008469465219620403137495006", "0.1647102845662978705102272"], ["0.0002836652551127331263637116", "0.8414799487918508158742452", "0.0004261713963272570977604906", "0.0001116209216274696829245668", "0.157698593635081724218706"], ["0.0003982150511881479595721512", "0.8478535132052050419942352", "0.0006903378651430046199046314", "0.0001470350613029733461524927", "0.1509108988171608320801355"], ["0.0005570603466880718844032499", "0.853802786190750322452195", "0.001111101554370323050605379", "0.0001935779588256605520163803", "0.14433547394936562206078"], ["0.0007767752377402459092133767", "0.8592351837284474592788547", "0.001776493131193643000766179", "0.0002546880983416243660344751", "0.1379568598042770274451312"], ["0.001080035786486927891485274", "0.864009805299756989039086", "0.002820777952518861381668996", "0.0003348216513954832687634779", "0.1317545593098417384189963"], ["0.001497838851846555178653141", "0.867914718293897025948715", "0.004446429223616750000826136", "0.0004397138894523149370307021", "0.125701299741187353934775"], ["0.00207245444568774553363205", "0.8706353312485336636641551", "0.006954730812903815664075382", "0.0005766704381509001558361847", "0.1197608130547238749823012"], ["0.002861228876276817069989771", "0.8717119838562888384624818", "0.01078675739564428851756341", "0.0007548535302845849136668755", "0.1138851763415054710362981"], ["0.003941207342937785420027089", "0.8704863044437902121528377", "0.01657504060470388010673185", "0.0009854847088919676598874889", "0.1080119628996761546605159"], ["0.005414167014679003348193801", "0.8660398045309652945702642", "0.02520235145121793590196446", "0.001281811234549769394114256", "0.1020618657685879967854633"], ["0.007410872764298203459370916", "0.8571365830723849461212677", "0.03785580458771412449723312", "0.001658572740185495695861848", "0.09593816683541723022626644"], ["0.01009201626511209290749152", "0.8421970430389826698817534", "0.05604990420814026823545261", "0.002130573262047457032748495", "0.089530463225717511942554"], ["0.01364142890879177635773541", "0.8193511188388748314678135", "0.08157139825981816553977564", "0.002709886338555817549303858", "0.08272616765395940908537158"], ["0.01824556616816215796008624", "0.7866396881982489002775121", "0.1162798334118210003213182", "0.003401379871058838977764819", "0.07543353235070910246331865"], ["0.02405416864162767528876854", "0.742427576146579751111311", "0.1617039330455944080632354", "0.004196929076719667283128198", "0.06761739308947849825355692"], ["0.03112389274487490487459836", "0.68602109965152421019951", "0.21844357961834308649705", "0.005070061809641003756154803", "0.05934136617561679467268685"], ["0.03936113003916209317393292", "0.6183251406871474646454731", "0.2855406622825913141264288", "0.005974353591047762861614334", "0.05079871340005136519255089"], ["0.04849530345554893780219249", "0.5421980181573963441233137", "0.3601508992384393952772637", "0.00684904741215032417282707", "0.0423067317364649986244031"], ["0.05811244338883572333020674", "0.462156279250110877033107", "0.4378492575843811810642585", "0.007632368426667866062153454", "0.03424965135000435251027426"], ["0.06774908828559444651730766", "0.3833912601285146908412949", "0.5135967525664081492414715", "0.008277723032915720802067362", "0.02698517598656699259785853"], ["0.07700594077925583365730284", "0.310514818106799410671595", "0.5829565047966507062025809", "0.008764945536179645077181615", "0.02075779078111440439133962"], ["0.08562713484008854316935718", "0.2466341553676640745167717", "0.642977962377268182095187", "0.009101611995947130943115015", "0.01565913541903206927556912"], ["0.0935178229967060529345997", "0.1930882457595331738643773", "0.6924345829559328164654532", "0.009315778179309545280115606", "0.01164357010851841145545424"], ["0.1007117918410545841386027", "0.1497497638769236695137936", "0.7315163429842532163341143", "0.009445558775979721051891978", "0.008576542521788808961597425"], ["0.1068320249932327438915953", "0.119041997793600687247102", "0.7578340724409580742729482", "0.009816572186801234755345895", "0.006475332585407259833008609"], ["0.1106722246618183958894079", "0.1082437777765019025970682", "0.7638221031867140744586562", "0.01166972193070683721346746", "0.005592172444258789841400213"], ["0.1148946858367403087073427", "0.09755060013538325855555303", "0.7690187008813982242029316", "0.01374945539445126829385683", "0.004786557752026940240315844"], ["0.1194654782006454367106324", "0.08706601217039874778290641", "0.7733674012745330912921091", "0.01604361556123331419276825", "0.004057492793189410021583838"], ["0.1243489409795744324573721", "0.07692081036742830178754178", "0.776794769971485150726376", "0.01853085822553031436198759", "0.00340462045598180066672257"], ["0.1295079926001208735245337", "0.06726093563019981459354927", "0.7792193344805042223682664", "0.02118423144970146187982979", "0.002827505839473627633820821"], ["0.1349051037898991220630816", "0.05823007708638742139616038", "0.7805628951891913144942307", "0.02397702687373504481334461", "0.002324897060787097233182665"], ["0.1405036383096104265715801", "0.04995088355990062430397557", "0.78076141570835350740258", "0.02688990835946593364044613", "0.001894154062669508081418217"], ["0.1462690951976164073028277", "0.04250950713946716737113873", "0.7797725491178984219957704", "0.02991785287793147816718617", "0.001530995667086525163077026"], ["0.1521697954643000377263978", "0.03594714104968635657954302", "0.7775779124702529308853255", "0.03307553922334027929864529", "0.00122961179242039551008839"], ["0.1581767417647291448257939", "0.03025977697975202725348813", "0.7741799771992298114967335", "0.0364004324247018649371901", "0.0009830716315871514867943617"], ["0.1635630844571782152220689", "0.02693189648171690773732693", "0.7663188942318015931399501", "0.04235512271524066651182569", "0.0008310021140626173888283202"], ["0.1688992874503429464840939", "0.02397821950693074950602424", "0.7571189774498965349732279", "0.04930081895708393645340185", "0.0007026966357458325832520654"], ["0.1742459145985385537506007", "0.02118662371093138575562781", "0.7470273148804034908641175", "0.0569504504457043062030291", "0.0005896963644222634266248758"], ["0.1795794740903570073606304", "0.01857428933533906787216196", "0.7360803783650981449820997", "0.06527484331968678883350683", "0.0004910148895189909516011407"], ["0.1848799259300323567358411", "0.01615627038934894958586886", "0.7243292728134891259681179", "0.07422889221444082705633676", "0.0004056386526887406538353743"], ["0.1901322471443926381651616", "0.01394287097759106070753609", "0.7118428820658426901605058", "0.08374951929935219176435981", "0.0003324805128214192024367196"], ["0.1953299392446915216414196", "0.01193772248858436235214195", "0.698716596775681340249312", "0.09374537601110875198913177", "0.0002703654799340237679946845"], ["0.2004822677742159789143941", "0.01013694189024381198466413", "0.6850908114499174845679207", "0.1040719306885636777664927", "0.000218048197059046766528322"], ["0.2056275527656904186360925", "0.008529531694759854908909429", "0.6711832513098086852973342", "0.1144854087191816108307795", "0.0001742555105594303268843141"], ["0.210854512116667794441092", "0.007099033378114429280770869", "0.6573361198551734230823259", "0.1245725894879976729127406", "0.0001377451620466802830706649"], ["0.2158720089347874635773442", "0.005902524503084713893812285", "0.6427039893712034715224148", "0.1354127017778659532962706", "0.0001087754130583977101580771"], ["0.2214746425953236365455019", "0.004799847499754590407416497", "0.629679644180293803823929", "0.143961854712480890337905", "0.00008401101214707888524757293"], ["0.2282072427787115470309073", "0.003784250228878819622583384", "0.6195577529303752422597589", "0.1483878462602443700151074", "0.00006290780179002107164306055"], ["0.2364332082663673781592103", "0.002881690536868408826515817", "0.6129110400284359904021302", "0.1477285636227375315925871", "0.0000454975455906910195565596"], ["0.2462764368063229165501332", "0.002118587992362197041796936", "0.6095816474082353738621396", "0.1419915588170037022074078", "0.00003176897607581033852245048"], ["0.2575354121136735740412044", "0.00150993466544271999166973", "0.6086290181462288620791172", "0.1323041304869818506648249", "0.00002150458767299322318384507"], ["0.2697914435942509411198332", "0.00105095274704506422250965", "0.6087512468633937776802295", "0.1203921409514874104210674", "0.00001421584382280655636027978"], ["0.2826132851538226502231344", "0.0007200101148021169489894493", "0.6088239071220171024014874", "0.1078335475426531985413645", "0.000009250066704931885024249791"], ["0.2956944597248675079592047", "0.0004884748435720759999426399", "0.6081668862798952159558128", "0.09564421888456723086899554", "0.000005960267097969216044284791"], ["0.3088789046260874817042538", "0.0003292027574880903092914034", "0.6065162473509398975710559", "0.08427183017499779673852355", "0.000003815090486733676875310202"], ["0.3219675962125141793527655", "0.000221787175558444886279777", "0.6035816046634554399827046", "0.07422657078731540703896146", "0.000002441161156528739288611671"], ["0.3351657055747510543579265", "0.0001481578745103044125517999", "0.5998578554610602255269402", "0.06482673225661417617157891", "0.000001548833064239531002604941"], ["0.3481236317589924449038848", "0.00009956920662140728476829931", "0.5948166383549867297229707", "0.05695917206672682969087045", "0.0000009886126725883975057373237"], ["0.3608299231588071621665464", "0.00006754401675892105224169106", "0.5885848273605809155749553", "0.0505170685056022185451657", "0.0000006369582507826610908578738"], ["0.373265270474996823917729", "0.00004644796002146837153415509", "0.5812692021508088052365665", "0.04541866339284893794934551", "0.0000004160213239645248248433996"], ["0.3854004149412177807336804", "0.0000325469602683083306208912", "0.5729567050470269743025927", "0.04161005617498318093545577", "0.0000002768765037556976502939417"], ["0.3971970822027878079914776", "0.00002336793192836114678571719", "0.5637194685203430283308036", "0.03905989253535669872369618", "0.0000001888095841038072369714073"], ["0.4086171982495685566140975", "0.00001726686410892805207295726", "0.5536301025655988368008717", "0.03773529981163960339493531", "0.0000001325090840751380224999782"], ["0.419646678193172566377591", "0.00001314122332523350694874037", "0.5427916671308746206925596", "0.03754841766809766876128806", "9.578452991066161262032821e-8"], ["0.4303310339709209512896648", "0.00001024842229876293435035819", "0.5313735262146797794438964", "0.03828512044383059086584678", "7.094826991546624174735734e-8"], ["0.4324805138372485632470181", "0.000008381581321110124545872705", "0.5289118427917189048192714", "0.03859920827560935882414363", "5.351410206298502102676198e-8"], ["0.4352512235586207780617883", "0.000006869602859236240697887865", "0.5258422743819335216597469", "0.03889959205748463727247184", "4.039910182676529503138561e-8"], ["0.4617726481781068432018233", "0.000005019705182198451127147997", "0.4963564148884366778837046", "0.04186588746933307266979867", "2.975894120779354631845218e-8"], ["0.4730001723251101981884435", "0.000003834968257406529321082135", "0.485139762357285445643454", "0.04185620874576898332956335", "2.160357796630921805508386e-8"], ["0.4747388849502224334362265", "0.000003156178970235132523040729", "0.4834316140058703423363945", "0.04182632859116682399569131", "1.627377016509916459745336e-8"], ["0.4769178808325200381367588", "0.00000258096837797424482919505", "0.4815459351480935578064486", "0.04153359086977412157778586", "1.218123430823417752667542e-8"], ["0.4790948607250123942469569", "0.000002100641916772613111261827", "0.4799628442908278702517392", "0.04094018527930394015168647", "9.062939022736506159889587e-9"], ["0.4827924274051628235658404", "0.000001658534788589246628418769", "0.4777535310450113138856739", "0.03945237644852471628099491", "6.566512557020862320900209e-9"], ["0.4863183823053000103040063", "0.000001284403870743885799973203", "0.4765835946734077434751234", "0.03709673396292359542888474", "4.654497906906185626499245e-9"], ["nan", "nan", "nan", "nan", "nan"], ["nan", "nan", "nan", "nan", "nan"], ["nan", "nan", "nan", "nan", "nan"], ["nan", "nan", "nan", "nan", "nan"], ["nan", "nan", "nan", "nan", "nan"], ["nan", "nan", "nan", "nan", "nan"]], "conversion": 0.01, "metals": "", "site": "step", "R_ode": [], "prefix": "site=step-Tg=473.0K-Tv=3000.0K-P=1.0atm-dist=Treanor-nlevels=11-alpha=True", "ENs": [1.0, 0.9789915966386554, 0.957983193277311, 0.9369747899159664, 0.9159663865546218, 0.8949579831932772, 0.8739495798319328, 0.8529411764705882, 0.8319327731092436, 0.8109243697478992, 0.7899159663865546, 0.76890756302521, 0.7478991596638656, 0.726890756302521, 0.7058823529411764, 0.6848739495798319, 0.6638655462184874, 0.6428571428571428, 0.6218487394957983, 0.6008403361344538, 0.5798319327731092, 0.5588235294117647, 0.5378151260504201, 0.5168067226890756, 0.4957983193277311, 0.47478991596638653, 0.45378151260504196, 0.4327731092436974, 0.4117647058823529, 0.39075630252100835, 0.3697478991596638, 0.3487394957983193, 0.32773109243697474, 0.30672268907563016, 0.2857142857142857, 0.2647058823529411, 0.24369747899159655, 0.2226890756302521, 0.2016806722689075, 0.18067226890756294, 0.15966386554621836, 0.1386554621848739, 0.11764705882352933, 0.09663865546218475, 0.07563025210084029, 0.054621848739495715, 0.03361344537815114, 0.012605042016806678, -0.008403361344537785, -0.02941176470588247, -0.050420168067226934, -0.07142857142857162, -0.09243697478991608, -0.11344537815126055, -0.13445378151260523, -0.1554621848739497, -0.17647058823529416, -0.19747899159663884, -0.2184873949579833, -0.23949579831932777, -0.26050420168067245, -0.2815126050420169, -0.3025210084033614, -0.32352941176470607, -0.34453781512605053, -0.365546218487395, -0.3865546218487397, -0.40756302521008414, -0.4285714285714286, -0.4495798319327733, -0.47058823529411775, -0.4915966386554622, -0.5126050420168069, -0.5336134453781514, -0.5546218487394958, -0.5756302521008405, -0.596638655462185, -0.6176470588235294, -0.6386554621848741, -0.6596638655462186, -0.6806722689075633, -0.7016806722689077, -0.7226890756302522, -0.7436974789915969, -0.7647058823529413, -0.7857142857142858, -0.8067226890756305, -0.827731092436975, -0.8487394957983194, -0.8697478991596641, -0.8907563025210086, -0.911764705882353, -0.9327731092436977, -0.9537815126050422, -0.9747899159663866, -0.9957983193277313, -1.0168067226890756, -1.0378151260504205, -1.058823529411765, -1.0798319327731094, -1.1008403361344539, -1.1218487394957983, -1.1428571428571432, -1.1638655462184877, -1.1848739495798322, -1.2058823529411766, -1.226890756302521, -1.2478991596638656, -1.2689075630252105, -1.289915966386555, -1.3109243697478994, -1.3319327731092439, -1.3529411764705883, -1.3739495798319328, -1.3949579831932777, -1.4159663865546221, -1.4369747899159666, -1.457983193277311, -1.4789915966386555, -1.5], "N2_frac": 0.25, "T": 473.0}